时刻(小时)	经度	纬度	波高	周期	风速	风向
0	117.8733	38.94766	0.8	5	14	18.2
1	117.8733	38.94766	0.6	7	12	15.6
2	117.8733	38.94766	0.7	8	17	22.1
3	117.8733	38.94766	0.4	4	16	20.8
4	117.8733	38.94766	0.8	6	14	18.2
5	117.8733	38.94766	0.9	4	18	23.4
6	117.8733	38.94766	0.4	8	20	26
7	117.8733	38.94766	0.8	4	14	18.2
8	117.8733	38.94766	1.1	3	22	28.6
9	117.8733	38.94766	1.3	2	23	29.9
10	117.8733	38.94766	1.2	6	15	19.5
11	117.8733	38.94766	0.8	5	14	18.2
12	117.8733	38.94766	0.6	7	12	15.6
13	117.8733	38.94766	0.7	8	17	22.1
14	117.8733	38.94766	0.4	4	16	20.8
15	117.8733	38.94766	0.8	6	14	18.2
16	117.8733	38.94766	0.9	4	18	23.4
17	117.8733	38.94766	0.4	8	20	26
18	117.8733	38.94766	0.8	4	14	18.2
19	117.8733	38.94766	1.1	3	22	28.6
20	117.8733	38.94766	1.3	2	23	29.9
21	117.8733	38.94766	1.2	6	15	19.5
22	117.8733	38.94766	0.6	7	12	15.6
23	117.8733	38.94766	0.7	8	17	22.1
24	117.8733	38.94766	0.4	4	16	20.8
25	117.8733	38.94766	0.8	6	14	18.2
26	117.8733	38.94766	0.9	4	18	27
27	117.8733	38.94766	0.4	8	20	30
28	117.8733	38.94766	0.8	4	14	21
29	117.8733	38.94766	0.9	4	18	27
30	117.8733	38.94766	0.4	8	20	30
31	117.8733	38.94766	0.8	4	14	21
32	117.8733	38.94766	1.1	3	22	33
33	117.8733	38.94766	1.3	2	23	13.8
34	117.8733	38.94766	1.2	6	15	9
35	117.8733	38.94766	0.6	7	12	7.2
36	117.8733	38.94766	0.7	8	17	10.2
37	117.8733	38.94766	0.4	4	16	9.6
38	117.8733	38.94766	0.9	4	18	10.8
39	117.8733	38.94766	0.4	8	20	12
40	117.8733	38.94766	0.8	4	14	8.4
41	117.8733	38.94766	1.1	3	22	13.2
42	117.8733	38.94766	1.3	2	23	13.8
43	117.8733	38.94766	1.2	6	15	9
44	117.8733	38.94766	0.6	7	12	7.2
45	117.8733	38.94766	0.7	8	17	13.6
46	117.8733	38.94766	0.4	4	16	12.8
47	117.8733	38.94766	0.8	4	14	11.2
48	117.8733	38.94766	1.1	3	22	17.6
49	117.8733	38.94766	1.3	2	23	18.4
50	117.8733	38.94766	1.2	6	15	12
51	117.8733	38.94766	0.6	7	12	9.6
52	117.8733	38.94766	0.7	8	17	13.6
53	117.8733	38.94766	0.4	4	16	12.8
54	117.8733	38.94766	0.9	4	18	14.4
55	117.8733	38.94766	0.4	8	20	16
56	117.8733	38.94766	0.8	4	14	11.2
57	117.8733	38.94766	1.1	3	22	17.6
58	117.8733	38.94766	1.3	2	23	18.4
59	117.8733	38.94766	1.2	6	15	12
60	117.8733	38.94766	0.6	7	12	9.6
61	117.8733	38.94766	0.7	8	17	13.6
62	117.8733	38.94766	0.4	4	16	12.8
63	117.8733	38.94766	1.3	2	23	18.4
64	117.8733	38.94766	1.2	6	15	12
65	117.8733	38.94766	0.6	7	12	9.6
66	117.8733	38.94766	0.7	8	17	13.6
67	117.8733	38.94766	0.4	4	16	12.8
68	117.8733	38.94766	0.9	4	18	14.4
69	117.8733	38.94766	0.8	4	14	11.2
70	117.8733	38.94766	1.1	3	22	17.6
71	117.8733	38.94766	1.3	2	23	18.4
72	117.8733	38.94766	1.2	6	15	9
73	117.8733	38.94766	0.6	7	12	7.2
74	117.8733	38.94766	0.7	8	17	10.2
75	117.8733	38.94766	0.4	4	16	9.6
76	117.8733	38.94766	1.3	2	23	13.8
77	117.8733	38.94766	1.2	6	15	9
78	117.8733	38.94766	0.6	7	12	7.2
79	117.8733	38.94766	0.4	8	20	12
80	117.8733	38.94766	0.8	4	14	8.4
81	117.8733	38.94766	1.1	3	22	13.2
82	117.8733	38.94766	1.3	2	23	13.8
83	117.8733	38.94766	1.2	6	15	12
84	117.8733	38.94766	0.6	7	12	9.6
85	117.8733	38.94766	0.7	8	17	13.6
86	117.8733	38.94766	0.4	4	16	12.8
87	117.8733	38.94766	1.3	2	23	18.4
88	117.8733	38.94766	1.2	6	15	12
89	117.8733	38.94766	0.6	7	12	9.6
90	117.8733	38.94766	0.7	8	17	13.6
91	117.8733	38.94766	0.4	4	16	12.8
92	117.8733	38.94766	0.9	4	18	14.4
93	117.8733	38.94766	0.8	4	14	11.2
94	117.8733	38.94766	1.1	3	22	17.6
95	117.8733	38.94766	1.3	2	23	18.4
96	117.8733	38.94766	1.2	6	15	12
97	117.8733	38.94766	0.6	7	12	9.6
98	117.8733	38.94766	0.7	8	17	13.6
99	117.8733	38.94766	0.4	4	16	12.8
100	117.8733	38.94766	1.3	2	23	29.9
101	117.8733	38.94766	1.2	6	15	19.5
102	117.8733	38.94766	0.6	7	12	15.6
103	117.8733	38.94766	0.7	8	17	22.1
104	117.8733	38.94766	0.4	4	16	20.8
105	117.8733	38.94766	1.3	2	23	29.9
106	117.8733	38.94766	1.2	6	15	19.5
107	117.8733	38.94766	0.6	7	12	15.6
108	117.8733	38.94766	0.7	8	17	22.1
109	117.8733	38.94766	0.4	4	16	20.8
110	117.8733	38.94766	0.9	4	18	23.4
111	117.8733	38.94766	0.8	4	14	18.2
112	117.8733	38.94766	1.1	3	22	28.6
113	117.8733	38.94766	1.3	2	23	29.9
114	117.8733	38.94766	1.2	6	15	19.5
115	117.8733	38.94766	0.6	7	12	15.6
116	117.8733	38.94766	0.7	8	17	22.1
117	117.8733	38.94766	0.4	4	16	20.8
118	117.8733	38.94766	1.3	2	23	29.9
119	117.8733	38.94766	1.2	6	15	19.5
120	117.8733	38.94766	0.6	7	12	15.6
123	117.8733	38.94766	0.4	8	20	26
126	117.8733	38.94766	0.8	4	14	18.2
129	117.8733	38.94766	1.1	3	22	28.6
132	117.8733	38.94766	0.9	4	18	23.4
135	117.8733	38.94766	0.8	4	14	18.2
138	117.8733	38.94766	1.1	3	22	33
141	117.8733	38.94766	1.3	2	23	34.5
144	117.8733	38.94766	1.2	6	15	22.5
147	117.8733	38.94766	0.6	7	12	18
150	117.8733	38.94766	0.7	8	17	25.5
153	117.8733	38.94766	0.4	4	16	24
156	117.8733	38.94766	1.3	2	23	34.5
159	117.8733	38.94766	1.2	6	15	9
162	117.8733	38.94766	0.6	7	12	7.2
165	117.8733	38.94766	0.4	8	20	12
168	117.8733	38.94766	1.3	2	23	13.8
171	117.8733	38.94766	1.2	6	15	9
174	117.8733	38.94766	0.6	7	12	7.2
177	117.8733	38.94766	0.7	8	17	10.2
180	117.8733	38.94766	0.4	4	16	9.6
183	117.8733	38.94766	1.3	2	23	13.8
186	117.8733	38.94766	1.2	6	15	9
189	117.8733	38.94766	0.6	7	12	7.2
192	117.8733	38.94766	0.4	8	20	12
195	117.8733	38.94766	0.8	4	14	11.2
198	117.8733	38.94766	1.1	3	22	17.6
201	117.8733	38.94766	0.9	4	18	14.4
204	117.8733	38.94766	0.8	4	14	11.2
207	117.8733	38.94766	1.1	3	22	17.6
210	117.8733	38.94766	1.3	2	23	18.4
213	117.8733	38.94766	1.2	6	15	12
216	117.8733	38.94766	0.6	7	12	9.6
219	117.8733	38.94766	0.7	8	17	13.6
222	117.8733	38.94766	0.4	4	16	12.8
225	117.8733	38.94766	0.4	8	20	16
228	117.8733	38.94766	0.8	4	14	11.2
231	117.8733	38.94766	0.9	4	18	14.4
234	117.8733	38.94766	0.4	8	20	16
237	117.8733	38.94766	0.8	4	14	11.2
240	117.8733	38.94766	1.1	3	22	17.6
252	117.8733	38.94766	1.3	2	23	18.4
264	117.8733	38.94766	1.2	6	15	12
276	117.8733	38.94766	0.6	7	12	9.6
288	117.8733	38.94766	0.7	8	17	13.6
312	117.8733	38.94766	0.4	4	16	12.8
324	117.8733	38.94766	0.9	4	18	14.4
336	117.8733	38.94766	0.4	8	20	16
348	117.8733	38.94766	0.8	4	14	11.2
360	117.8733	38.94766	1.1	3	22	17.6
372	117.8733	38.94766	1.3	2	23	18.4
384	117.8733	38.94766	1.2	6	15	12
