40.25	117.25	-0.196132	-4.14645
40	117.25	-0.0027987	-3.29645
39.75	117.25	-0.532799	-3.06645
39.5	117.25	-1.1928	-3.63978
39.25	117.25	-1.5228	-4.33978
39	117.25	-1.41947	-4.82645
38.75	117.25	-0.612799	-5.12645
38.5	117.25	0.823868	-4.63645
38.25	117.25	2.2772	-3.73978
38	117.25	3.1172	-2.88978
37.75	117.25	3.4372	-2.25645
37.5	117.25	3.4372	-1.73311
37.25	117.25	3.30387	-1.26311
40.25	117.5	0.203868	-3.38978
40	117.5	-0.129465	-2.22311
39.75	117.5	-1.02613	-1.99978
39.5	117.5	-1.78613	-3.11311
39.25	117.5	-2.3028	-4.49978
39	117.5	-2.1328	-5.12645
38.75	117.5	-1.10613	-5.58311
38.5	117.5	0.727201	-5.12978
38.25	117.5	2.44387	-3.95978
38	117.5	3.36053	-2.90311
37.75	117.5	3.61387	-2.18645
37.5	117.5	3.60053	-1.66645
37.25	117.5	3.46053	-1.12978
40.25	117.75	0.513868	-3.01311
40	117.75	-0.482799	-1.97978
39.75	117.75	-1.94947	-2.41978
39.5	117.75	-3.07613	-4.03645
39.25	117.75	-3.56613	-5.70978
39	117.75	-3.2528	-6.95645
38.75	117.75	-1.92613	-7.31311
38.5	117.75	0.390535	-6.44645
38.25	117.75	2.62053	-4.72645
38	117.75	3.6972	-3.00311
37.75	117.75	3.8072	-2.10978
37.5	117.75	3.6872	-1.62311
37.25	117.75	3.5972	-1.09311
40.25	118	0.223868	-3.11645
40	118	-1.28947	-2.66978
39.75	118	-3.3228	-3.95311
39.5	118	-4.39947	-5.49645
39.25	118	-4.57613	-6.97645
39	118	-4.0528	-8.13311
38.75	118	-2.6428	-8.40645
38.5	118	-0.196132	-7.63311
38.25	118	2.75387	-5.63311
38	118	4.2072	-3.38978
37.75	118	4.0872	-2.03311
37.5	118	3.77387	-1.65311
37.25	118	3.7172	-1.18978
40.25	118.25	-0.699465	-3.48645
40	118.25	-2.24947	-3.64311
39.75	118.25	-4.20613	-5.20311
39.5	118.25	-5.01613	-6.21978
39.25	118.25	-4.87947	-6.95978
39	118.25	-4.27947	-7.93978
38.75	118.25	-2.9428	-8.42978
38.5	118.25	-0.556132	-8.09645
38.25	118.25	2.6872	-6.28978
38	118.25	4.48387	-3.58978
37.75	118.25	4.3872	-1.98645
37.5	118.25	3.81387	-1.66978
37.25	118.25	3.74053	-1.32311
40.25	118.5	-1.8728	-4.33645
40	118.5	-2.78947	-4.57645
39.75	118.5	-4.1428	-5.60311
39.5	118.5	-4.9328	-6.05311
39.25	118.5	-4.8528	-6.25311
39	118.5	-4.45613	-7.24978
38.75	118.5	-3.0728	-7.90978
38.5	118.5	-0.739465	-8.04978
38.25	118.5	2.56387	-6.58978
38	118.5	4.6972	-3.85311
37.75	118.5	4.58053	-1.92645
37.5	118.5	3.68387	-1.61978
37.25	118.5	3.64387	-1.40978
40.25	118.75	-2.77613	-5.62311
40	118.75	-2.85613	-5.29645
39.75	118.75	-3.41613	-5.12645
39.5	118.75	-4.63613	-5.46978
39.25	118.75	-5.1528	-6.04311
39	118.75	-4.8928	-7.07311
38.75	118.75	-3.24947	-7.59311
38.5	118.75	-0.712799	-7.81645
38.25	118.75	2.5672	-6.69645
38	118.75	4.6672	-3.87978
37.75	118.75	4.7972	-2.03978
37.5	118.75	3.9372	-1.82311
37.25	118.75	3.62053	-1.61978
40.25	119	-3.4028	-6.23311
40	119	-2.5028	-4.98311
39.75	119	-2.8128	-4.23645
39.5	119	-4.79613	-5.42645
39.25	119	-5.78613	-6.72978
39	119	-5.45613	-7.75645
38.75	119	-3.38947	-7.71645
38.5	119	-0.506132	-7.58978
38.25	119	2.79053	-6.64978
38	119	5.13387	-4.19311
37.75	119	5.2672	-2.41978
37.5	119	4.6272	-2.32311
37.25	119	3.96053	-2.12645
40.25	119.25	-3.7328	-6.00311
40	119.25	-2.59947	-4.19978
39.75	119.25	-4.02947	-4.98978
39.5	119.25	-6.25613	-7.09645
39.25	119.25	-7.00613	-8.72978
39	119.25	-5.7428	-8.81644
38.75	119.25	-3.2528	-8.03978
38.5	119.25	-0.122799	-7.35645
38.25	119.25	3.20053	-6.42311
38	119.25	5.62387	-4.42645
37.75	119.25	6.00053	-2.91645
37.5	119.25	5.1372	-2.85311
37.25	119.25	4.25053	-2.64978
40.25	119.5	-3.3328	-5.31645
40	119.5	-4.04613	-5.69311
39.75	119.5	-7.0228	-8.32311
39.5	119.5	-8.2828	-9.88978
39.25	119.5	-7.4328	-10.0631
39	119.5	-5.43613	-9.33978
38.75	119.5	-2.75947	-8.09311
38.5	119.5	0.393868	-7.03978
38.25	119.5	3.5972	-6.08311
38	119.5	5.84053	-4.62645
37.75	119.5	6.16387	-3.53645
37.5	119.5	5.1872	-3.35645
37.25	119.5	4.1172	-3.11645
40.25	119.75	-3.2528	-5.94311
40	119.75	-5.6028	-8.28645
39.75	119.75	-8.4328	-10.9631
39.5	119.75	-8.49613	-11.1464
39.25	119.75	-6.7728	-10.2298
39	119.75	-4.48947	-9.04311
38.75	119.75	-1.9728	-7.71645
38.5	119.75	0.927201	-6.56978
38.25	119.75	3.82387	-5.74311
38	119.75	5.6672	-4.83645
37.75	119.75	5.75053	-4.05311
37.5	119.75	4.70053	-3.64978
37.25	119.75	3.5972	-3.31645
40.25	120	-4.10947	-8.07645
40	120	-6.6728	-10.8298
39.75	120	-8.16614	-11.8964
39.5	120	-7.53613	-11.1831
39.25	120	-5.54947	-9.78311
39	120	-3.30947	-8.42978
38.75	120	-1.07613	-7.11645
38.5	120	1.41387	-5.95645
38.25	120	3.7672	-5.31311
38	120	5.05053	-4.88311
37.75	120	4.8372	-4.28978
37.5	120	3.94053	-3.75645
37.25	120	3.00053	-3.15978
40.25	120.25	-4.83613	-8.72645
40	120.25	-6.78613	-11.2831
39.75	120.25	-7.48613	-11.7698
39.5	120.25	-6.4628	-10.8031
39.25	120.25	-4.39613	-9.32311
39	120.25	-2.19947	-7.89644
38.75	120.25	-0.169465	-6.51311
38.5	120.25	1.80387	-5.24978
38.25	120.25	3.4272	-4.77645
38	120.25	4.09387	-4.67978
37.75	120.25	3.72387	-4.16311
37.5	120.25	3.16053	-3.63311
37.25	120.25	2.82387	-3.13645
40.25	120.5	-5.91613	-9.50644
40	120.5	-7.35613	-11.3498
39.75	120.5	-7.30613	-11.4298
39.5	120.5	-5.8328	-10.3998
39.25	120.5	-3.55947	-8.88311
39	120.5	-1.30947	-7.47645
38.75	120.5	0.597201	-6.18311
38.5	120.5	2.11387	-4.83645
38.25	120.5	2.99053	-4.25978
38	120.5	3.15053	-4.23311
37.75	120.5	2.96053	-3.93645
37.5	120.5	2.68387	-3.43645
37.25	120.5	2.52053	-3.01645
40.25	120.75	-7.29613	-10.7698
40	120.75	-7.99613	-11.5231
39.75	120.75	-7.21613	-11.0731
39.5	120.75	-5.21947	-9.83311
39.25	120.75	-2.7428	-8.24311
39	120.75	-0.479465	-6.98311
38.75	120.75	1.3572	-5.89311
38.5	120.75	2.54387	-4.66311
38.25	120.75	2.88387	-3.94311
38	120.75	2.8372	-3.82978
37.75	120.75	2.6772	-3.43645
37.5	120.75	2.34387	-2.93311
37.25	120.75	1.89387	-2.48645
40.25	121	-8.0228	-11.5631
40	121	-8.0428	-11.5098
39.75	121	-6.5728	-10.5198
39.5	121	-4.0628	-8.73311
39.25	121	-1.55947	-6.91311
39	121	0.497201	-5.80311
38.75	121	2.19387	-5.03311
38.5	121	3.15387	-4.02978
38.25	121	3.2072	-3.65311
38	121	3.0672	-3.48978
37.75	121	2.7672	-2.67978
37.5	121	2.06387	-2.01645
37.25	121	1.3272	-1.65645
40.25	121.25	-7.6628	-11.4398
40	121.25	-7.14947	-10.9098
39.75	121.25	-5.05613	-9.24645
39.5	121.25	-2.35947	-6.76311
39.25	121.25	-0.239465	-4.81978
39	121.25	1.31387	-3.94311
38.75	121.25	2.71053	-3.43978
38.5	121.25	3.62387	-3.15978
38.25	121.25	3.59387	-3.30311
38	121.25	3.34053	-2.92978
37.75	121.25	2.91053	-1.78978
37.5	121.25	1.85387	-1.14978
37.25	121.25	1.0572	-1.04311
40.25	121.5	-6.52947	-10.8764
40	121.5	-5.4728	-9.89978
39.75	121.5	-2.96613	-7.15978
39.5	121.5	-0.699465	-4.27311
39.25	121.5	0.653868	-2.55978
39	121.5	1.54387	-2.15978
38.75	121.5	2.7672	-2.12311
38.5	121.5	3.73053	-2.63311
38.25	121.5	3.7672	-3.06645
38	121.5	3.5172	-2.56978
37.75	121.5	2.99387	-1.40311
37.5	121.5	1.88387	-0.903111
37.25	121.5	0.983866	-1.24645
40.25	121.75	-4.6828	-9.57644
40	121.75	-3.2228	-8.12978
39.75	121.75	-1.0328	-5.08311
39.5	121.75	0.437201	-2.50645
39.25	121.75	0.983868	-1.28645
39	121.75	1.5372	-1.27311
38.75	121.75	2.7472	-1.61978
38.5	121.75	3.69053	-2.38311
38.25	121.75	3.79387	-2.85645
38	121.75	3.50387	-2.45978
37.75	121.75	2.87387	-1.63978
37.5	121.75	1.73053	-1.51311
37.25	121.75	0.743868	-1.95311
40.25	122	-3.02613	-7.71311
40	122	-1.3628	-6.00978
39.75	122	0.397201	-3.40645
39.5	122	1.0172	-1.68311
39.25	122	1.04387	-1.25645
39	122	1.7872	-1.50311
38.75	122	3.04387	-1.71978
38.5	122	3.77053	-2.18311
38.25	122	3.6772	-2.48978
38	122	3.18053	-2.39978
37.75	122	2.34053	-2.18645
37.5	122	1.1972	-2.46978
37.25	122	0.300535	-3.02978
40.25	122.25	-1.54613	-5.17311
40	122.25	0.0272013	-3.98645
39.75	122.25	0.897201	-2.78311
39.5	122.25	0.883868	-2.01645
39.25	122.25	1.0572	-2.30645
39	122.25	2.26053	-2.45311
38.75	122.25	3.48053	-2.11978
38.5	122.25	3.8172	-1.94978
38.25	122.25	3.38387	-2.10645
38	122.25	2.55053	-2.41645
37.75	122.25	1.55387	-2.82311
37.5	122.25	0.577201	-3.40645
37.25	122.25	-0.116132	-3.85311
