40.25	117.25	-0.0980671	-3.50988
40	117.25	-0.1014	-2.80321
39.75	117.25	-0.824734	-2.68655
39.5	117.25	-2.0614	-3.25655
39.25	117.25	-3.0514	-4.03655
39	117.25	-3.35473	-4.66655
38.75	117.25	-3.07473	-5.32988
38.5	117.25	-1.79807	-5.35655
38.25	117.25	-0.0614004	-5.02988
38	117.25	1.5986	-4.31988
37.75	117.25	2.69527	-3.52321
37.5	117.25	3.20527	-2.74988
37.25	117.25	3.38193	-2.02655
40.25	117.5	-0.0380672	-2.54988
40	117.5	-0.558067	-1.67988
39.75	117.5	-1.77473	-1.84988
39.5	117.5	-3.24807	-3.15321
39.25	117.5	-4.16807	-4.55321
39	117.5	-4.06473	-5.15321
38.75	117.5	-3.61473	-5.90655
38.5	117.5	-2.17807	-6.10321
38.25	117.5	-0.0714005	-5.43655
38	117.5	1.76527	-4.52988
37.75	117.5	2.92527	-3.60321
37.5	117.5	3.4486	-2.76988
37.25	117.5	3.6486	-1.97321
40.25	117.75	-0.154734	-2.31988
40	117.75	-1.3114	-1.79655
39.75	117.75	-3.1414	-2.62655
39.5	117.75	-4.55473	-4.16988
39.25	117.75	-5.26807	-5.63988
39	117.75	-5.23473	-6.77321
38.75	117.75	-4.5014	-7.54988
38.5	117.75	-2.59473	-7.46655
38.25	117.75	-0.128067	-6.49321
38	117.75	1.98193	-4.92988
37.75	117.75	3.1686	-3.66988
37.5	117.75	3.6286	-2.76988
37.25	117.75	3.84527	-1.98655
40.25	118	-0.8614	-3.11321
40	118	-2.43807	-3.11988
39.75	118	-4.26473	-4.03655
39.5	118	-5.50473	-5.18655
39.25	118	-6.0414	-6.25655
39	118	-5.98473	-7.20988
38.75	118	-5.14473	-7.90321
38.5	118	-3.20473	-8.12321
38.25	118	-0.214734	-7.29655
38	118	2.1886	-5.51655
37.75	118	3.4286	-3.66321
37.5	118	3.76527	-2.75988
37.25	118	3.96193	-2.09988
40.25	118.25	-1.8414	-3.83321
40	118.25	-3.37473	-4.24988
39.75	118.25	-4.83807	-4.91655
39.5	118.25	-5.80807	-5.45321
39.25	118.25	-6.18807	-5.80321
39	118.25	-6.25473	-6.48655
38.75	118.25	-5.55807	-7.27988
38.5	118.25	-3.74473	-7.91655
38.25	118.25	-0.574734	-7.56988
38	118.25	2.3086	-5.63988
37.75	118.25	3.66527	-3.66988
37.5	118.25	3.8586	-2.73988
37.25	118.25	3.9686	-2.23988
40.25	118.5	-2.9414	-4.66655
40	118.5	-3.87807	-4.93321
39.75	118.5	-4.82807	-5.22988
39.5	118.5	-5.64473	-5.28321
39.25	118.5	-6.12807	-5.31655
39	118.5	-6.5914	-6.11655
38.75	118.5	-5.88473	-6.88655
38.5	118.5	-4.0814	-7.59321
38.25	118.5	-0.858067	-7.49988
38	118.5	2.3686	-5.81321
37.75	118.5	3.84193	-3.72988
37.5	118.5	3.76193	-2.66988
37.25	118.5	3.91193	-2.37655
40.25	118.75	-3.84807	-5.92988
40	118.75	-3.9314	-5.42321
39.75	118.75	-4.43807	-5.01655
39.5	118.75	-5.54473	-5.16321
39.25	118.75	-6.55473	-5.76988
39	118.75	-7.15807	-6.87988
38.75	118.75	-6.21807	-7.42655
38.5	118.75	-4.14807	-7.69655
38.25	118.75	-0.868067	-7.46321
38	118.75	2.3886	-5.64655
37.75	118.75	4.03527	-3.87988
37.5	118.75	4.04527	-2.91655
37.25	118.75	3.8886	-2.52321
40.25	119	-4.26807	-6.47321
40	119	-3.66473	-5.15655
39.75	119	-4.41473	-4.74321
39.5	119	-6.0214	-5.61988
39.25	119	-7.26807	-6.92988
39	119	-7.72473	-8.27655
38.75	119	-6.36807	-8.39988
38.5	119	-3.96807	-8.04655
38.25	119	-0.6014	-7.44655
38	119	2.80527	-5.88655
37.75	119	4.4786	-4.10321
37.5	119	4.68527	-3.12321
37.25	119	4.14527	-2.74988
40.25	119.25	-4.40807	-6.14321
40	119.25	-3.8014	-4.58655
39.75	119.25	-5.56807	-5.51655
39.5	119.25	-7.41473	-7.26321
39.25	119.25	-8.44807	-8.92321
39	119.25	-7.83473	-9.41321
38.75	119.25	-6.06473	-9.02321
38.5	119.25	-3.53473	-8.22321
38.25	119.25	-0.144734	-7.33655
38	119.25	3.36527	-5.92988
37.75	119.25	5.2386	-4.27655
37.5	119.25	5.2386	-3.33321
37.25	119.25	4.42193	-3.01655
40.25	119.5	-3.88473	-5.28321
40	119.5	-5.15807	-5.93655
39.75	119.5	-7.75473	-8.01988
39.5	119.5	-9.13807	-9.72657
39.25	119.5	-8.80807	-10.1532
39	119.5	-7.3714	-9.80324
38.75	119.5	-5.3614	-9.02321
38.5	119.5	-2.90807	-8.05655
38.25	119.5	0.335266	-7.05988
38	119.5	3.7686	-5.80655
37.75	119.5	5.60527	-4.44321
37.5	119.5	5.4486	-3.63321
37.25	119.5	4.3886	-3.38988
40.25	119.75	-3.8814	-5.88321
40	119.75	-6.26473	-7.89988
39.75	119.75	-8.98473	-10.3832
39.5	119.75	-9.49473	-11.0532
39.25	119.75	-8.38473	-10.5199
39	119.75	-6.47807	-9.56321
38.75	119.75	-4.40807	-8.55988
38.5	119.75	-2.1814	-7.58655
38.25	119.75	0.735266	-6.61655
38	119.75	3.8186	-5.55321
37.75	119.75	5.40527	-4.47321
37.5	119.75	5.10527	-3.80321
37.25	119.75	3.9386	-3.66321
40.25	120	-4.64473	-7.65988
40	120	-7.28473	-10.1299
39.75	120	-9.0214	-11.4832
39.5	120	-8.98807	-11.4199
39.25	120	-7.5614	-10.4766
39	120	-5.46473	-9.22655
38.75	120	-3.38807	-8.03988
38.5	120	-1.37807	-6.97655
38.25	120	1.04527	-6.01655
38	120	3.48527	-5.12655
37.75	120	4.67527	-4.33988
37.5	120	4.38527	-3.93988
37.25	120	3.20527	-3.72321
40.25	120.25	-5.19473	-8.29321
40	120.25	-7.53807	-10.8032
39.75	120.25	-8.69807	-11.6532
39.5	120.25	-8.3214	-11.3666
39.25	120.25	-6.7114	-10.3799
39	120.25	-4.47807	-9.00321
38.75	120.25	-2.3314	-7.60655
38.5	120.25	-0.494734	-6.35655
38.25	120.25	1.33193	-5.31988
38	120.25	2.9986	-4.58655
37.75	120.25	3.78527	-4.20655
37.5	120.25	3.4886	-4.04655
37.25	120.25	2.8286	-3.90321
40.25	120.5	-6.0614	-9.18988
40	120.5	-7.95473	-11.0866
39.75	120.5	-8.58807	-11.6166
39.5	120.5	-7.83807	-11.2632
39.25	120.5	-5.9214	-10.2332
39	120.5	-3.4614	-8.73988
38.75	120.5	-1.2214	-7.22655
38.5	120.5	0.471933	-5.79321
38.25	120.5	1.6986	-4.63655
38	120.5	2.61527	-4.03655
37.75	120.5	3.02527	-4.06321
37.5	120.5	2.86193	-4.17988
37.25	120.5	2.4486	-4.00655
40.25	120.75	-7.05473	-10.3666
40	120.75	-8.39807	-11.4132
39.75	120.75	-8.51473	-11.5999
39.5	120.75	-7.30807	-11.0932
39.25	120.75	-5.0114	-9.8399
39	120.75	-2.3414	-8.19321
38.75	120.75	-0.0547339	-6.65988
38.5	120.75	1.44527	-5.27655
38.25	120.75	2.17527	-4.10321
38	120.75	2.51193	-3.69988
37.75	120.75	2.55193	-3.84655
37.5	120.75	2.30527	-4.07988
37.25	120.75	1.97527	-3.88988
40.25	121	-7.6214	-11.1966
40	121	-8.40807	-11.6132
39.75	121	-8.0014	-11.4599
39.5	121	-6.2614	-10.5399
39.25	121	-3.70807	-8.89988
39	121	-1.13807	-7.07655
38.75	121	0.9386	-5.58988
38.5	121	2.26527	-4.48321
38.25	121	2.69193	-3.84988
38	121	2.69193	-3.56321
37.75	121	2.4086	-3.42655
37.5	121	1.92193	-3.53321
37.25	121	1.52193	-3.36988
40.25	121.25	-7.3314	-11.3099
40	121.25	-7.63473	-11.3999
39.75	121.25	-6.63807	-10.7799
39.5	121.25	-4.45473	-9.16655
39.25	121.25	-2.1314	-7.27321
39	121.25	-0.168067	-5.35321
38.75	121.25	1.4286	-3.97655
38.5	121.25	2.6586	-3.52988
38.25	121.25	3.00527	-3.57988
38	121.25	2.92527	-3.22655
37.75	121.25	2.55527	-2.56321
37.5	121.25	1.74527	-2.47988
37.25	121.25	1.24527	-2.64988
40.25	121.5	-6.3614	-11.0466
40	121.5	-6.0614	-10.7999
39.75	121.5	-4.4514	-9.03988
39.5	121.5	-2.4614	-6.86655
39.25	121.5	-0.738067	-5.21655
39	121.5	0.321933	-3.39321
38.75	121.5	1.4586	-2.52988
38.5	121.5	2.6286	-2.73988
38.25	121.5	3.0386	-3.25655
38	121.5	3.03527	-2.73988
37.75	121.5	2.75527	-1.68655
37.5	121.5	1.92193	-1.70655
37.25	121.5	1.02193	-2.26321
40.25	121.75	-4.5714	-9.9299
40	121.75	-3.75473	-9.29989
39.75	121.75	-2.3414	-7.15655
39.5	121.75	-0.894734	-5.23321
39.25	121.75	-0.0247339	-3.55321
39	121.75	0.495266	-2.11655
38.75	121.75	1.4386	-1.70988
38.5	121.75	2.5386	-2.31655
38.25	121.75	2.93193	-2.91321
38	121.75	2.9386	-2.38321
37.75	121.75	2.6986	-1.45655
37.5	121.75	1.78193	-1.74655
37.25	121.75	0.6086	-2.46988
40.25	122	-3.09473	-8.26321
40	122	-2.04807	-7.16321
39.75	122	-0.594734	-5.19988
39.5	122	0.161933	-4.11988
39.25	122	0.321933	-2.80655
39	122	0.6186	-1.95988
38.75	122	1.65527	-1.79321
38.5	122	2.62527	-2.23988
38.25	122	2.85193	-2.56321
38	122	2.68193	-2.25655
37.75	122	2.25193	-1.81655
37.5	122	1.21527	-2.36655
37.25	122	0.0852661	-3.32321
40.25	122.25	-1.96807	-5.78321
40	122.25	-0.7114	-5.33655
39.75	122.25	0.2186	-4.54321
39.5	122.25	0.531933	-3.49655
39.25	122.25	0.435266	-2.78988
39	122.25	0.8786	-2.60321
38.75	122.25	2.01527	-2.41988
38.5	122.25	2.78527	-2.21321
38.25	122.25	2.73527	-2.18655
38	122.25	2.25193	-2.22655
37.75	122.25	1.5686	-2.39988
37.5	122.25	0.621933	-3.14321
37.25	122.25	-0.3014	-3.96321
