40.25	117.25	1.25295	-1.60794
40	117.25	0.579617	-0.611273
39.75	117.25	-0.743716	-0.811273
39.5	117.25	-1.89039	-1.16794
39.25	117.25	-2.65705	-1.37127
39	117.25	-3.47039	-1.35461
38.75	117.25	-4.73372	-1.41461
38.5	117.25	-5.50705	-2.05127
38.25	117.25	-5.19705	-3.21127
38	117.25	-3.87372	-4.11127
37.75	117.25	-2.39705	-4.41127
37.5	117.25	-1.23372	-4.24794
37.25	117.25	-0.150383	-3.80794
40.25	117.5	1.31961	0.372061
40	117.5	0.126284	1.02539
39.75	117.5	-1.55705	-0.30794
39.5	117.5	-2.73705	-1.20794
39.25	117.5	-3.51372	-1.34794
39	117.5	-4.06705	-0.984606
38.75	117.5	-5.34372	-0.981273
38.5	117.5	-6.21705	-2.18794
38.25	117.5	-5.67705	-3.73127
38	117.5	-4.13705	-4.66794
37.75	117.5	-2.34039	-4.79127
37.5	117.5	-0.930383	-4.48461
37.25	117.5	0.226284	-3.97127
40.25	117.75	0.386284	1.46539
40	117.75	-1.07705	1.16206
39.75	117.75	-2.50705	-0.844606
39.5	117.75	-3.25372	-1.80794
39.25	117.75	-3.81039	-1.50127
39	117.75	-4.71039	-0.617939
38.75	117.75	-5.90372	-0.927938
38.5	117.75	-6.56039	-2.70794
38.25	117.75	-6.12372	-4.55461
38	117.75	-4.36372	-5.24127
37.75	117.75	-2.25039	-5.16794
37.5	117.75	-0.52705	-4.72794
37.25	117.75	0.73295	-4.15461
40.25	118	-0.413716	0.77206
40	118	-1.87039	-0.11794
39.75	118	-2.88705	-1.87461
39.5	118	-3.27039	-2.50794
39.25	118	-3.75039	-1.76127
39	118	-4.99039	-0.871273
38.75	118	-6.17372	-1.71127
38.5	118	-6.67372	-3.57794
38.25	118	-6.41372	-5.41794
38	118	-4.63372	-5.87461
37.75	118	-2.09039	-5.51794
37.5	118	-0.0537166	-4.94127
37.25	118	1.31295	-4.30794
40.25	118.25	-0.840383	-0.684606
40	118.25	-2.10372	-1.56127
39.75	118.25	-2.80372	-2.56794
39.5	118.25	-3.18372	-2.84461
39.25	118.25	-4.01372	-2.20794
39	118.25	-5.79039	-1.65794
38.75	118.25	-7.05039	-2.90127
38.5	118.25	-7.18705	-4.68127
38.25	118.25	-6.57705	-6.07461
38	118.25	-4.48039	-6.24127
37.75	118.25	-1.82372	-5.73794
37.5	118.25	0.35295	-5.02127
37.25	118.25	1.76295	-4.30794
40.25	118.5	-1.12705	-1.84794
40	118.5	-2.08705	-2.40461
39.75	118.5	-2.64372	-2.83794
39.5	118.5	-3.32705	-2.89127
39.25	118.5	-4.69705	-2.58794
39	118.5	-7.03372	-2.76127
38.75	118.5	-7.98039	-4.38794
38.5	118.5	-7.56372	-5.82127
38.25	118.5	-6.42705	-6.57794
38	118.5	-4.23039	-6.42461
37.75	118.5	-1.64705	-5.76127
37.5	118.5	0.36295	-4.76461
37.25	118.5	1.77961	-4.21127
40.25	118.75	-1.41372	-2.52794
40	118.75	-1.79372	-2.72794
39.75	118.75	-2.45039	-2.72461
39.5	118.75	-3.74372	-2.90794
39.25	118.75	-5.64039	-3.30127
39	118.75	-7.81039	-4.32794
38.75	118.75	-8.22039	-5.90461
38.5	118.75	-7.37705	-6.75127
38.25	118.75	-5.98705	-6.88461
38	118.75	-3.83372	-6.22461
37.75	118.75	-1.80705	-5.74461
37.5	118.75	-0.16705	-4.97794
37.25	118.75	1.20961	-4.27794
40.25	119	-1.51372	-3.22461
40	119	-1.45039	-2.72461
39.75	119	-2.59705	-2.53461
39.5	119	-4.47705	-3.18461
39.25	119	-6.44705	-4.34127
39	119	-8.04039	-5.92794
38.75	119	-7.94039	-7.07794
38.5	119	-6.91705	-7.28794
38.25	119	-5.50372	-6.98127
38	119	-3.81705	-6.57461
37.75	119	-2.17372	-5.90127
37.5	119	-1.16705	-5.41461
37.25	119	0.31295	-4.72794
40.25	119.25	-1.28039	-3.71794
40	119.25	-1.61039	-2.52461
39.75	119.25	-3.49372	-2.71127
39.5	119.25	-5.62705	-4.11794
39.25	119.25	-7.38039	-5.93461
39	119.25	-7.95372	-7.20461
38.75	119.25	-7.55372	-7.69127
38.5	119.25	-6.53372	-7.45461
38.25	119.25	-5.15039	-6.97127
38	119.25	-3.58372	-6.61127
37.75	119.25	-2.15372	-6.08794
37.5	119.25	-1.04705	-5.42794
37.25	119.25	0.176284	-5.03461
40.25	119.5	-1.28372	-3.76127
40	119.5	-2.61372	-2.82794
39.75	119.5	-4.99705	-3.61461
39.5	119.5	-6.88372	-5.70461
39.25	119.5	-7.73705	-7.32127
39	119.5	-7.78039	-8.00127
38.75	119.5	-7.25039	-7.95127
38.5	119.5	-6.26705	-7.51794
38.25	119.5	-4.89705	-6.93794
38	119.5	-3.24372	-6.34127
37.75	119.5	-1.31705	-5.58127
37.5	119.5	0.446284	-4.97461
37.25	119.5	1.56295	-5.00794
40.25	119.75	-1.98039	-3.79461
40	119.75	-3.73705	-3.47461
39.75	119.75	-6.06372	-5.07794
39.5	119.75	-7.33372	-7.11794
39.25	119.75	-7.76372	-8.27794
39	119.75	-7.58039	-8.44794
38.75	119.75	-6.97705	-8.11794
38.5	119.75	-5.97039	-7.65127
38.25	119.75	-4.64372	-6.96461
38	119.75	-2.97372	-6.05461
37.75	119.75	-0.62705	-5.03794
37.5	119.75	1.87628	-4.45794
37.25	119.75	3.19295	-4.72794
40.25	120	-2.90039	-4.40461
40	120	-4.95039	-4.77127
39.75	120	-6.47705	-6.50127
39.5	120	-7.36372	-8.16461
39.25	120	-7.62705	-8.91461
39	120	-7.37039	-8.84461
38.75	120	-6.67372	-8.43461
38.5	120	-5.54039	-7.88127
38.25	120	-4.17705	-6.99794
38	120	-2.63705	-5.82794
37.75	120	-0.19705	-4.74794
37.5	120	2.67295	-4.24794
37.25	120	3.75295	-4.17794
40.25	120.25	-3.63705	-4.86461
40	120.25	-5.51039	-6.05127
39.75	120.25	-6.58372	-7.66461
39.5	120.25	-7.20705	-8.92461
39.25	120.25	-7.39039	-9.44461
39	120.25	-7.08705	-9.35127
38.75	120.25	-6.27372	-8.93794
38.5	120.25	-4.95372	-8.17794
38.25	120.25	-3.42705	-6.98127
38	120.25	-1.87372	-5.66794
37.75	120.25	0.299617	-4.70127
37.5	120.25	2.59628	-4.11127
37.25	120.25	3.74628	-4.21127
40.25	120.5	-4.32039	-5.68794
40	120.5	-5.59705	-7.21127
39.75	120.5	-6.42705	-8.65461
39.5	120.5	-6.93705	-9.60126
39.25	120.5	-6.98039	-10.0213
39	120.5	-6.51705	-10.0479
38.75	120.5	-5.53372	-9.60127
38.5	120.5	-3.99705	-8.48794
38.25	120.5	-2.24705	-6.84794
38	120.5	-0.730383	-5.48127
37.75	120.5	0.89295	-4.58127
37.5	120.5	2.34961	-4.05127
37.25	120.5	3.11295	-4.10127
40.25	120.75	-4.39372	-6.69127
40	120.75	-5.34039	-8.32794
39.75	120.75	-6.10372	-9.53461
39.5	120.75	-6.46372	-10.2446
39.25	120.75	-6.21372	-10.7079
39	120.75	-5.41705	-10.7913
38.75	120.75	-4.18039	-10.0146
38.5	120.75	-2.47372	-8.38461
38.25	120.75	-0.650383	-6.43461
38	120.75	0.546284	-5.19127
37.75	120.75	1.27628	-4.25461
37.5	120.75	1.79295	-4.11794
37.25	120.75	2.14961	-4.04461
40.25	121	-3.89039	-7.49794
40	121	-4.84039	-9.17127
39.75	121	-5.52372	-10.1946
39.5	121	-5.49705	-10.7379
39.25	121	-4.73372	-11.2313
39	121	-3.58039	-10.8579
38.75	121	-2.24039	-9.11127
38.5	121	-0.58705	-7.00127
38.25	121	0.946283	-5.30794
38	121	1.62295	-4.54127
37.75	121	1.42628	-4.23794
37.5	121	1.03295	-4.01461
37.25	121	1.04295	-4.07794
40.25	121.25	-3.04705	-7.67127
40	121.25	-3.94039	-9.46793
39.75	121.25	-4.35372	-10.2879
39.5	121.25	-3.78705	-10.4813
39.25	121.25	-2.69039	-10.8746
39	121.25	-1.58039	-9.31794
38.75	121.25	-0.763716	-5.99461
38.5	121.25	0.63295	-4.25794
38.25	121.25	1.89628	-3.60127
38	121.25	2.30628	-3.58461
37.75	121.25	1.57628	-3.90461
37.5	121.25	0.676284	-3.93127
37.25	121.25	0.266284	-4.17461
40.25	121.5	-2.28372	-8.17127
40	121.5	-2.83039	-9.71794
39.75	121.5	-2.96372	-9.70461
39.5	121.5	-2.11372	-9.11127
39.25	121.5	-0.733716	-9.19127
39	121.5	-0.493716	-5.92794
38.75	121.5	-0.400383	-2.55127
38.5	121.5	0.609617	-1.30461
38.25	121.5	1.89628	-1.98127
38	121.5	2.50961	-2.55127
37.75	121.5	1.97295	-3.14127
37.5	121.5	0.896284	-4.07794
37.25	121.5	0.219617	-4.12461
40.25	121.75	-1.72372	-8.53127
40	121.75	-1.68039	-9.55127
39.75	121.75	-1.61039	-8.85127
39.5	121.75	-0.593716	-7.85794
39.25	121.75	0.0496168	-6.34794
39	121.75	-0.333716	-2.78794
38.75	121.75	-0.720383	0.138727
38.5	121.75	0.03295	0.202061
38.25	121.75	1.42961	-1.25127
38	121.75	2.45628	-1.80461
37.75	121.75	2.48628	-2.34794
37.5	121.75	1.53295	-3.61794
37.25	121.75	0.499617	-4.00461
40.25	122	-1.43705	-8.41127
40	122	-1.08039	-8.36127
39.75	122	-0.213716	-7.89127
39.5	122	0.44295	-6.27794
39.25	122	0.216284	-3.90794
39	122	-0.67705	-0.801273
38.75	122	-1.03372	1.01873
38.5	122	-0.150383	-0.0412728
38.25	122	1.18295	-1.33794
38	122	2.42961	-1.39127
37.75	122	2.86295	-1.69794
37.5	122	1.96961	-3.08127
37.25	122	0.616284	-3.77461
40.25	122.25	-1.28039	-7.09127
40	122.25	-0.323716	-7.05794
39.75	122.25	0.50295	-6.45461
39.5	122.25	0.686284	-4.37127
39.25	122.25	-0.0737166	-1.52794
39	122.25	-0.84705	0.33206
38.75	122.25	-0.52705	0.0487271
38.5	122.25	0.436284	-1.28461
38.25	122.25	1.49295	-1.74461
38	122.25	2.58961	-1.24127
37.75	122.25	3.09961	-1.40127
37.5	122.25	2.21628	-2.84461
37.25	122.25	0.61295	-3.76794
