40.25	117.25	0.756302	-1.45245
40	117.25	0.782969	-0.56245
39.75	117.25	0.349635	-1.19578
39.5	117.25	-0.147031	-1.55578
39.25	117.25	-0.963699	-0.74245
39	117.25	-2.35703	0.86755
38.75	117.25	-4.32037	1.97088
38.5	117.25	-5.4337	1.08755
38.25	117.25	-5.4337	-0.972451
38	117.25	-4.76703	-2.81578
37.75	117.25	-3.9537	-4.01245
37.5	117.25	-3.05703	-4.66245
37.25	117.25	-2.0437	-4.51911
40.25	117.5	1.3563	-0.0324497
40	117.5	1.26963	0.840884
39.75	117.5	0.536302	-0.49245
39.5	117.5	-0.513698	-0.955782
39.25	117.5	-1.7237	0.50755
39	117.5	-2.99037	2.12755
38.75	117.5	-4.70037	2.55088
38.5	117.5	-5.69037	0.710884
38.25	117.5	-5.4237	-1.86245
38	117.5	-4.6537	-3.63912
37.75	117.5	-3.76703	-4.64912
37.5	117.5	-2.83037	-5.22245
37.25	117.5	-1.7437	-5.01912
40.25	117.75	0.879634	1.50088
40	117.75	0.789635	2.03088
39.75	117.75	0.116302	-0.0824497
39.5	117.75	-0.787031	-0.799116
39.25	117.75	-1.85037	1.28422
39	117.75	-3.46037	3.71088
38.75	117.75	-5.05037	3.10755
38.5	117.75	-5.78703	0.0242171
38.25	117.75	-5.53037	-2.83578
38	117.75	-4.54703	-4.33245
37.75	117.75	-3.4537	-5.18578
37.5	117.75	-2.30037	-5.70912
37.25	117.75	-1.0437	-5.48912
40.25	118	0.812969	2.03088
40	118	0.522969	2.17422
39.75	118	-0.0670314	-0.41245
39.5	118	-0.493698	-1.49912
39.25	118	-1.39703	0.780884
39	118	-3.32703	3.38088
38.75	118	-5.0337	2.08088
38.5	118	-5.7937	-1.08578
38.25	118	-5.76703	-3.64912
38	118	-4.6637	-4.89912
37.75	118	-3.15703	-5.54245
37.5	118	-1.76037	-6.01912
37.25	118	-0.343698	-5.79912
40.25	118.25	1.2363	1.47088
40	118.25	0.532969	1.38088
39.75	118.25	0.00296873	-1.09578
39.5	118.25	-0.233698	-2.34245
39.25	118.25	-1.33703	-0.799116
39	118.25	-3.84037	1.65422
38.75	118.25	-5.7337	0.420884
38.5	118.25	-6.24703	-2.25912
38.25	118.25	-6.01703	-4.19578
38	118.25	-4.66037	-5.04911
37.75	118.25	-3.05037	-5.58578
37.5	118.25	-1.66037	-5.94245
37.25	118.25	-0.387031	-5.76245
40.25	118.5	1.42963	0.540884
40	118.5	0.426302	0.234217
39.75	118.5	-0.0470314	-1.74245
39.5	118.5	-0.493698	-2.71578
39.25	118.5	-2.11037	-1.71578
39	118.5	-5.1237	-0.10245
38.75	118.5	-6.6937	-1.28245
38.5	118.5	-6.7037	-3.36245
38.25	118.5	-6.12703	-4.64578
38	118.5	-4.72037	-5.15912
37.75	118.5	-3.16037	-5.44245
37.5	118.5	-2.08037	-5.44245
37.25	118.5	-1.4337	-5.57912
40.25	118.75	0.816302	-0.27245
40	118.75	0.446302	-0.945784
39.75	118.75	-0.0436979	-1.98912
39.5	118.75	-1.09703	-2.42912
39.25	118.75	-3.26037	-1.94245
39	118.75	-6.09703	-1.61578
38.75	118.75	-7.04037	-2.99578
38.5	118.75	-6.69703	-4.46245
38.25	118.75	-5.98703	-5.17578
38	118.75	-4.5237	-5.15578
37.75	118.75	-3.42037	-5.47578
37.5	118.75	-2.9637	-5.65912
37.25	118.75	-2.85037	-5.73245
40.25	119	0.306302	-1.44245
40	119	0.739635	-1.62578
39.75	119	-0.0736981	-1.70578
39.5	119	-1.87037	-1.80578
39.25	119	-4.2237	-2.03578
39	119	-6.32703	-3.04912
38.75	119	-6.74703	-4.54578
38.5	119	-6.3437	-5.45245
38.25	119	-5.71703	-5.74578
38	119	-4.6337	-5.83911
37.75	119	-3.59037	-5.93578
37.5	119	-3.69037	-6.40245
37.25	119	-3.68703	-6.43912
40.25	119.25	0.709635	-2.52245
40	119.25	0.889635	-1.56912
39.75	119.25	-0.760365	-0.879116
39.5	119.25	-3.00703	-1.28912
39.25	119.25	-5.05037	-2.64912
39	119.25	-6.14037	-4.41245
38.75	119.25	-6.30037	-5.71912
38.5	119.25	-5.9837	-6.16578
38.25	119.25	-5.4537	-6.22578
38	119.25	-4.56703	-6.37578
37.75	119.25	-3.57703	-6.53578
37.5	119.25	-3.1937	-6.60245
37.25	119.25	-3.10703	-6.70578
40.25	119.5	1.11963	-2.89912
40	119.5	0.172969	-1.01912
39.75	119.5	-2.21037	-0.0957829
39.5	119.5	-4.3237	-1.57245
39.25	119.5	-5.4937	-3.76912
39	119.5	-5.98703	-5.62578
38.75	119.5	-6.04703	-6.55245
38.5	119.5	-5.76037	-6.67245
38.25	119.5	-5.19037	-6.56245
38	119.5	-4.37037	-6.62245
37.75	119.5	-3.28703	-6.58245
37.5	119.5	-2.2537	-6.33245
37.25	119.5	-1.5237	-6.30912
40.25	119.75	0.559635	-2.75578
40	119.75	-1.37703	-0.63245
39.75	119.75	-3.86703	-0.399116
39.5	119.75	-5.25703	-2.69578
39.25	119.75	-5.79703	-5.09911
39	119.75	-5.97703	-6.63578
38.75	119.75	-5.95037	-7.18912
38.5	119.75	-5.5837	-7.12245
38.25	119.75	-4.9037	-6.89912
38	119.75	-4.1637	-6.78245
37.75	119.75	-3.11703	-6.52912
37.5	119.75	-1.5437	-5.97578
37.25	119.75	-0.00703127	-5.68245
40.25	120	-0.650365	-2.49245
40	120	-3.2237	-0.799116
39.75	120	-5.00037	-1.77578
39.5	120	-5.7237	-4.25245
39.25	120	-5.93037	-6.36578
39	120	-6.00037	-7.49912
38.75	120	-5.91037	-7.83245
38.5	120	-5.41037	-7.67578
38.25	120	-4.5937	-7.30578
38	120	-3.8537	-6.94245
37.75	120	-2.82037	-6.44912
37.5	120	-0.873698	-5.68245
37.25	120	1.1363	-4.93578
40.25	120.25	-2.25037	-2.11245
40	120.25	-4.5137	-1.89245
39.75	120.25	-5.4637	-3.54578
39.5	120.25	-5.71037	-5.78912
39.25	120.25	-5.8237	-7.45245
39	120.25	-5.92703	-8.31578
38.75	120.25	-5.8037	-8.57578
38.5	120.25	-5.2037	-8.38912
38.25	120.25	-4.2337	-7.83578
38	120.25	-3.26703	-7.07578
37.75	120.25	-2.0237	-6.17578
37.5	120.25	-0.0003646	-5.01911
37.25	120.25	1.8163	-4.64912
40.25	120.5	-3.73037	-2.25245
40	120.5	-4.89703	-3.43912
39.75	120.5	-5.2337	-5.31912
39.5	120.5	-5.3337	-7.14245
39.25	120.5	-5.49037	-8.41912
39	120.5	-5.64037	-9.17912
38.75	120.5	-5.46703	-9.47912
38.5	120.5	-4.7337	-9.25912
38.25	120.5	-3.5837	-8.39912
38	120.5	-2.33703	-7.12245
37.75	120.5	-0.877031	-5.72578
37.5	120.5	0.682969	-4.38912
37.25	120.5	1.87297	-4.38578
40.25	120.75	-4.06037	-3.30912
40	120.75	-4.43703	-5.08911
39.75	120.75	-4.60703	-6.85578
39.5	120.75	-4.77703	-8.29245
39.25	120.75	-4.97703	-9.36245
39	120.75	-5.0237	-10.0558
38.75	120.75	-4.59703	-10.2825
38.5	120.75	-3.65703	-9.92245
38.25	120.75	-2.38037	-8.71245
38	120.75	-1.0837	-7.01245
37.75	120.75	0.149635	-5.20912
37.5	120.75	0.922969	-4.71245
37.25	120.75	1.2763	-4.17578
40.25	121	-3.08703	-4.47578
40	121	-3.4037	-6.26912
39.75	121	-3.7837	-7.84245
39.5	121	-4.05037	-9.06245
39.25	121	-4.14703	-10.0858
39	121	-3.82703	-10.4758
38.75	121	-2.9237	-10.2458
38.5	121	-1.78037	-9.59245
38.25	121	-0.673698	-8.12578
38	121	0.266302	-6.36245
37.75	121	0.852969	-5.10578
37.5	121	0.679635	-4.65912
37.25	121	0.319635	-4.04912
40.25	121.25	-1.70703	-4.70245
40	121.25	-2.16703	-6.46578
39.75	121.25	-2.70703	-7.89912
39.5	121.25	-2.98703	-9.06245
39.25	121.25	-2.96703	-10.2291
39	121.25	-2.1937	-9.85912
38.75	121.25	-1.02703	-8.61578
38.5	121.25	0.219635	-7.84578
38.25	121.25	0.986301	-6.35912
38	121.25	1.40963	-5.01245
37.75	121.25	1.34297	-4.55912
37.5	121.25	0.469635	-4.30245
37.25	121.25	-0.340365	-3.90912
40.25	121.5	-0.970366	-5.06578
40	121.5	-1.37037	-6.66245
39.75	121.5	-1.86703	-7.74911
39.5	121.5	-1.92703	-8.48245
39.25	121.5	-1.65037	-9.73245
39	121.5	-0.773698	-8.05578
38.75	121.5	0.346302	-6.62911
38.5	121.5	1.54963	-5.00245
38.25	121.5	1.95963	-3.76578
38	121.5	2.02297	-3.24245
37.75	121.5	1.6663	-3.57245
37.5	121.5	0.596302	-4.26578
37.25	121.5	-0.283698	-3.71578
40.25	121.75	-1.10703	-5.74912
40	121.75	-1.0737	-7.13912
39.75	121.75	-1.1237	-7.80911
39.5	121.75	-0.847033	-8.27578
39.25	121.75	-0.463698	-8.44911
39	121.75	0.169635	-6.47912
38.75	121.75	1.2963	-4.29578
38.5	121.75	2.12297	-2.01245
38.25	121.75	2.22297	-1.46578
38	121.75	2.21297	-1.91245
37.75	121.75	2.0363	-2.78578
37.5	121.75	1.1363	-3.76912
37.25	121.75	0.192969	-3.30912
40.25	122	-1.4537	-6.41245
40	122	-0.803699	-7.33912
39.75	122	-0.127031	-7.90912
39.5	122	0.146302	-8.09912
39.25	122	0.362969	-7.58578
39	122	1.0063	-5.34912
38.75	122	1.96963	-1.79245
38.5	122	2.2863	0.330884
38.25	122	2.1463	-0.255783
38	122	2.28963	-1.45245
37.75	122	2.4863	-2.40245
37.5	122	1.81963	-3.43912
37.25	122	0.672969	-3.47578
40.25	122.25	-1.2037	-6.36912
40	122.25	-0.0403648	-6.70911
39.75	122.25	0.586302	-7.54578
39.5	122.25	0.686302	-7.50578
39.25	122.25	1.09297	-6.72578
39	122.25	1.8963	-3.50912
38.75	122.25	2.40297	0.18755
38.5	122.25	2.29297	0.894217
38.25	122.25	2.12297	-0.635783
38	122.25	2.5263	-1.79578
37.75	122.25	3.04963	-2.42912
37.5	122.25	2.5363	-3.38245
37.25	122.25	1.0263	-3.54245
