40.25	117.25	-0.436337	-0.561627
40	117.25	-0.53967	0.78504
39.75	117.25	-1.443	0.32504
39.5	117.25	-2.293	0.221706
39.25	117.25	-2.40634	2.17504
39	117.25	-2.94967	4.42171
38.75	117.25	-4.363	4.89504
38.5	117.25	-5.19967	3.08504
38.25	117.25	-5.42634	0.788373
38	117.25	-5.44967	-1.00496
37.75	117.25	-5.403	-2.47829
37.5	117.25	-5.37634	-4.02163
37.25	117.25	-5.26634	-5.02496
40.25	117.5	-0.273004	0.378373
40	117.5	-0.473004	1.65171
39.75	117.5	-1.54634	0.92504
39.5	117.5	-2.47967	1.65171
39.25	117.5	-2.59967	4.15838
39	117.5	-2.81967	5.05171
38.75	117.5	-4.02967	4.47504
38.5	117.5	-4.85634	2.39837
38.25	117.5	-4.93634	0.0917065
38	117.5	-4.77634	-1.60829
37.75	117.5	-4.553	-3.00163
37.5	117.5	-4.37634	-4.58163
37.25	117.5	-4.13634	-5.72163
40.25	117.75	-0.703004	1.34504
40	117.75	-0.746337	2.30504
39.75	117.75	-1.553	1.22504
39.5	117.75	-2.04967	2.26837
39.25	117.75	-2.053	5.21837
39	117.75	-2.87634	6.30504
38.75	117.75	-4.29967	4.60504
38.5	117.75	-5.05634	1.84171
38.25	117.75	-4.99634	-0.528294
38	117.75	-4.47967	-2.13163
37.75	117.75	-3.853	-3.46496
37.5	117.75	-3.32634	-5.07496
37.25	117.75	-2.853	-6.29496
40.25	118	-0.423004	1.67504
40	118	-0.396337	2.28504
39.75	118	-1.07634	0.75504
39.5	118	-1.26967	1.20504
39.25	118	-1.44634	4.34504
39	118	-2.91967	5.72837
38.75	118	-4.60634	3.76171
38.5	118	-5.34967	0.991708
38.25	118	-5.27634	-1.18496
38	118	-4.483	-2.65829
37.75	118	-3.38967	-3.87496
37.5	118	-2.52967	-5.39496
37.25	118	-1.96634	-6.47496
40.25	118.25	0.693663	1.30504
40	118.25	0.313663	1.87504
39.75	118.25	-0.506337	0.0250399
39.5	118.25	-0.946337	-0.478294
39.25	118.25	-1.603	2.00171
39	118.25	-3.493	3.74504
38.75	118.25	-5.12634	2.34504
38.5	118.25	-5.63634	-0.0716268
38.25	118.25	-5.40634	-1.89163
38	118.25	-4.31634	-2.98163
37.75	118.25	-3.18634	-4.12496
37.5	118.25	-2.29967	-5.35496
37.25	118.25	-2.04634	-6.01163
40.25	118.5	1.65033	0.961706
40	118.5	0.823663	1.48837
39.75	118.5	-0.233004	-0.27496
39.5	118.5	-1.30967	-1.14829
39.25	118.5	-2.543	0.428373
39	118.5	-4.48967	1.84504
38.75	118.5	-5.62634	0.74504
38.5	118.5	-5.753	-1.27496
38.25	118.5	-5.333	-2.67829
38	118.5	-4.24634	-3.46829
37.75	118.5	-3.03967	-4.26163
37.5	118.5	-2.403	-5.01163
37.25	118.5	-2.79634	-5.42496
40.25	118.75	1.467	0.801706
40	118.75	1.02366	1.14837
39.75	118.75	-0.126337	0.181706
39.5	118.75	-1.823	-0.32496
39.25	118.75	-3.51634	0.33504
39	118.75	-5.18634	0.448373
38.75	118.75	-5.773	-0.91496
38.5	118.75	-5.63967	-2.59163
38.25	118.75	-5.10967	-3.57829
38	118.75	-3.813	-3.81163
37.75	118.75	-2.91634	-4.50829
37.5	118.75	-2.713	-5.27163
37.25	118.75	-3.363	-5.40829
40.25	119	0.556996	0.22504
40	119	1.03366	0.898373
39.75	119	-0.0663371	1.12171
39.5	119	-2.05967	0.938375
39.25	119	-3.84967	0.431706
39	119	-5.16634	-0.831627
38.75	119	-5.50634	-2.54163
38.5	119	-5.39967	-3.86829
38.25	119	-4.94634	-4.53163
38	119	-3.993	-4.76829
37.75	119	-3.10634	-5.19163
37.5	119	-3.08634	-6.17163
37.25	119	-3.32967	-6.19496
40.25	119.25	0.35033	-0.851627
40	119.25	0.886996	1.04171
39.75	119.25	-0.353004	2.10171
39.5	119.25	-2.24634	1.53171
39.25	119.25	-3.83967	-0.158294
39	119.25	-4.71967	-2.19829
38.75	119.25	-5.11967	-3.91163
38.5	119.25	-5.18634	-4.90829
38.25	119.25	-4.86967	-5.31829
38	119.25	-4.13967	-5.54163
37.75	119.25	-3.433	-5.96829
37.5	119.25	-3.06967	-6.51496
37.25	119.25	-2.793	-6.56829
40.25	119.5	0.656996	-1.52496
40	119.5	0.303663	1.56837
39.75	119.5	-1.193	2.73171
39.5	119.5	-2.76634	1.09171
39.25	119.5	-3.793	-1.35496
39	119.5	-4.44967	-3.47829
38.75	119.5	-4.91634	-4.94496
38.5	119.5	-5.08634	-5.67496
38.25	119.5	-4.79967	-5.89496
38	119.5	-4.153	-5.96829
37.75	119.5	-3.52634	-6.17496
37.5	119.5	-2.993	-6.41163
37.25	119.5	-2.19634	-6.32829
40.25	119.75	0.42033	-1.20829
40	119.75	-0.77967	1.82171
39.75	119.75	-2.443	2.15504
39.5	119.75	-3.56967	-0.258294
39.25	119.75	-4.193	-2.72163
39	119.75	-4.62634	-4.52163
38.75	119.75	-5.003	-5.70163
38.5	119.75	-5.09967	-6.31496
38.25	119.75	-4.73967	-6.41829
38	119.75	-4.09967	-6.30829
37.75	119.75	-3.52634	-6.25163
37.5	119.75	-2.83967	-6.15163
37.25	119.75	-1.53967	-5.74163
40.25	120	-0.69967	-0.141627
40	120	-2.473	1.80504
39.75	120	-3.73967	0.65504
39.5	120	-4.463	-1.88829
39.25	120	-4.783	-4.00496
39	120	-5.03634	-5.45163
38.75	120	-5.24634	-6.47496
38.5	120	-5.163	-7.00829
38.25	120	-4.66634	-7.02829
38	120	-3.973	-6.67163
37.75	120	-3.333	-6.20829
37.5	120	-2.31634	-5.76829
37.25	120	-0.523004	-4.87829
40.25	120.25	-2.38967	0.72504
40	120.25	-3.92634	0.661706
39.75	120.25	-4.693	-1.26163
39.5	120.25	-5.023	-3.53163
39.25	120.25	-5.18967	-5.22829
39	120.25	-5.363	-6.46496
38.75	120.25	-5.41967	-7.38829
38.5	120.25	-5.153	-7.8483
38.25	120.25	-4.52634	-7.76496
38	120.25	-3.66967	-7.01496
37.75	120.25	-2.67967	-5.84829
37.5	120.25	-1.233	-4.79163
37.25	120.25	0.293663	-4.50163
40.25	120.5	-3.82967	0.278373
40	120.5	-4.65634	-1.18496
39.75	120.5	-4.953	-3.23496
39.5	120.5	-5.06634	-5.06496
39.25	120.5	-5.20967	-6.43829
39	120.5	-5.37634	-7.57496
38.75	120.5	-5.29634	-8.39496
38.5	120.5	-4.853	-8.75163
38.25	120.5	-4.08967	-8.50829
38	120.5	-3.053	-7.32163
37.75	120.5	-1.623	-5.34496
37.5	120.5	-0.236337	-3.77496
37.25	120.5	0.55033	-4.01496
40.25	120.75	-4.253	-1.31829
40	120.75	-4.52967	-3.16496
39.75	120.75	-4.63967	-4.90163
39.5	120.75	-4.73967	-6.36496
39.25	120.75	-4.92967	-7.58496
39	120.75	-5.01634	-8.55496
38.75	120.75	-4.71967	-9.19163
38.5	120.75	-4.073	-9.44496
38.25	120.75	-3.19967	-9.06496
38	120.75	-2.07967	-7.56163
37.75	120.75	-0.446337	-4.95829
37.5	120.75	0.326996	-3.58829
37.25	120.75	0.296996	-3.69496
40.25	121	-3.46634	-3.03163
40	121	-3.673	-4.46496
39.75	121	-3.883	-5.84163
39.5	121	-4.05967	-7.14162
39.25	121	-4.28967	-8.33162
39	121	-4.15967	-8.9083
38.75	121	-3.523	-9.22163
38.5	121	-2.77634	-9.57161
38.25	121	-1.973	-9.16163
38	121	-0.92967	-7.44496
37.75	121	0.43033	-5.10496
37.5	121	0.55033	-3.83163
37.25	121	-0.126337	-3.52163
40.25	121.25	-2.183	-3.62496
40	121.25	-2.523	-4.68163
39.75	121.25	-2.71634	-5.79496
39.5	121.25	-2.84634	-6.91829
39.25	121.25	-3.27967	-8.46163
39	121.25	-2.90634	-8.46496
38.75	121.25	-2.133	-8.46163
38.5	121.25	-1.40967	-9.18163
38.25	121.25	-0.59967	-8.54496
38	121.25	0.32033	-6.61829
37.75	121.25	1.16033	-4.70496
37.5	121.25	0.636996	-3.65496
37.25	121.25	-0.403004	-3.28829
40.25	121.5	-1.60967	-3.91163
40	121.5	-1.80634	-4.84829
39.75	121.5	-1.55967	-5.59496
39.5	121.5	-1.40634	-6.28829
39.25	121.5	-1.993	-8.19496
39	121.5	-1.61967	-7.53496
38.75	121.5	-1.31634	-8.41163
38.5	121.5	-0.38967	-8.55163
38.25	121.5	0.653663	-7.10829
38	121.5	1.437	-4.90829
37.75	121.5	1.77033	-3.50496
37.5	121.5	0.936996	-3.30163
37.25	121.5	-0.306337	-3.12163
40.25	121.75	-1.90634	-4.12163
40	121.75	-1.53967	-5.25496
39.75	121.75	-0.676337	-5.96496
39.5	121.75	-0.266337	-6.54496
39.25	121.75	-0.43967	-7.31496
39	121.75	-0.696337	-7.61496
38.75	121.75	-0.636337	-8.55496
38.5	121.75	0.38033	-7.53829
38.25	121.75	1.667	-4.96829
38	121.75	2.30033	-2.93496
37.75	121.75	2.317	-2.33163
37.5	121.75	1.36366	-2.66829
37.25	121.75	0.0869964	-2.59163
40.25	122	-2.283	-4.23829
40	122	-1.013	-5.59163
39.75	122	0.216996	-5.90163
39.5	122	0.786996	-6.76829
39.25	122	0.76033	-7.29829
39	122	0.206996	-7.85163
38.75	122	0.113663	-8.46496
38.5	122	1.21033	-5.94829
38.25	122	2.48366	-2.75496
38	122	2.88033	-1.45829
37.75	122	2.73033	-1.72829
37.5	122	1.85033	-2.51829
37.25	122	0.56033	-2.72163
40.25	122.25	-1.66634	-4.11163
40	122.25	-0.016337	-5.20496
39.75	122.25	1.077	-6.09829
39.5	122.25	1.357	-6.80496
39.25	122.25	1.14033	-8.54496
39	122.25	0.93033	-9.09496
38.75	122.25	1.19033	-7.53163
38.5	122.25	2.24033	-4.09163
38.25	122.25	3.11033	-1.38163
38	122.25	3.15033	-1.07163
37.75	122.25	3.04366	-1.91496
37.5	122.25	2.44033	-2.82496
37.25	122.25	1.04366	-2.91163
