40.25	117.25	-0.710227	-0.830246
40	117.25	-0.806894	0.479754
39.75	117.25	-2.01689	1.34642
39.5	117.25	-2.77356	2.92975
39.25	117.25	-2.39689	4.91309
39	117.25	-2.65356	5.59975
38.75	117.25	-3.84023	4.84642
38.5	117.25	-4.83023	3.25309
38.25	117.25	-5.38689	1.62975
38	117.25	-5.71356	0.159754
37.75	117.25	-5.89022	-1.29358
37.5	117.25	-5.87023	-2.86025
37.25	117.25	-5.83689	-4.20025
40.25	117.5	-0.750227	-0.343579
40	117.5	-1.15356	1.21309
39.75	117.5	-2.14689	2.50975
39.5	117.5	-2.45023	4.53642
39.25	117.5	-2.04689	6.07642
39	117.5	-2.34689	5.49642
38.75	117.5	-3.61689	4.47642
38.5	117.5	-4.58689	2.98642
38.25	117.5	-4.94022	1.31309
38	117.5	-5.10023	-0.233579
37.75	117.5	-5.18022	-1.78025
37.5	117.5	-5.07023	-3.47691
37.25	117.5	-4.75022	-4.84358
40.25	117.75	-1.02023	0.296421
40	117.75	-1.38356	1.55309
39.75	117.75	-1.85356	2.65975
39.5	117.75	-1.64356	4.86642
39.25	117.75	-1.42356	6.54309
39	117.75	-2.47689	6.33975
38.75	117.75	-4.03689	4.73975
38.5	117.75	-4.87023	2.79309
38.25	117.75	-4.95023	0.943088
38	117.75	-4.63689	-0.653579
37.75	117.75	-4.45022	-2.28358
37.5	117.75	-4.15356	-4.06358
37.25	117.75	-3.69689	-5.42691
40.25	118	-0.69356	0.536421
40	118	-0.900227	1.25309
39.75	118	-1.24689	1.68975
39.5	118	-1.02689	3.57309
39.25	118	-1.23356	5.81309
39	118	-2.87356	5.99975
38.75	118	-4.52689	4.21975
38.5	118	-5.22356	2.12642
38.25	118	-5.18356	0.313088
38	118	-4.58022	-1.21025
37.75	118	-3.88356	-2.74025
37.5	118	-3.34689	-4.44358
37.25	118	-2.92356	-5.61691
40.25	118.25	0.329773	0.326421
40	118.25	-0.0668936	0.769754
39.75	118.25	-0.836894	0.636421
39.5	118.25	-1.23689	1.87975
39.25	118.25	-1.84689	3.94975
39	118.25	-3.57689	4.61309
38.75	118.25	-4.99689	3.12642
38.5	118.25	-5.44023	1.07975
38.25	118.25	-5.25356	-0.573579
38	118.25	-4.33022	-1.73691
37.75	118.25	-3.48356	-3.06025
37.5	118.25	-2.86356	-4.46358
37.25	118.25	-2.70356	-5.26025
40.25	118.5	1.34977	0.146421
40	118.5	0.59644	0.596421
39.75	118.5	-0.770227	0.436421
39.5	118.5	-1.96356	1.14642
39.25	118.5	-2.90689	2.53975
39	118.5	-4.41356	3.07642
38.75	118.5	-5.28023	1.73309
38.5	118.5	-5.44023	-0.183579
38.25	118.5	-5.14356	-1.61025
38	118.5	-4.18356	-2.44358
37.75	118.5	-3.13356	-3.36025
37.5	118.5	-2.62689	-4.35025
37.25	118.5	-2.81022	-4.93025
40.25	118.75	1.39978	0.256421
40	118.75	0.879776	0.839754
39.75	118.75	-0.63356	1.13309
39.5	118.75	-2.35356	1.64642
39.25	118.75	-3.61022	2.09309
39	118.75	-4.81689	1.72642
38.75	118.75	-5.26023	0.173088
38.5	118.75	-5.27023	-1.57025
38.25	118.75	-4.91356	-2.70358
38	118.75	-3.70689	-3.07025
37.75	118.75	-2.87023	-3.85025
37.5	118.75	-2.60689	-4.80358
37.25	118.75	-2.88356	-5.19025
40.25	119	0.61644	0.139754
40	119	0.846441	1.10309
39.75	119	-0.366894	2.13642
39.5	119	-2.19023	2.40309
39.25	119	-3.61023	1.72309
39	119	-4.64356	0.313088
38.75	119	-4.99356	-1.46358
38.5	119	-5.04689	-2.92691
38.25	119	-4.77689	-3.81358
38	119	-3.88689	-4.19358
37.75	119	-2.94356	-4.67025
37.5	119	-2.78689	-5.77025
37.25	119	-2.77689	-6.04691
40.25	119.25	0.243106	-0.563579
40	119.25	0.683106	1.32642
39.75	119.25	-0.35356	2.87309
39.5	119.25	-1.99356	2.61309
39.25	119.25	-3.38023	0.946421
39	119.25	-4.17689	-1.11358
38.75	119.25	-4.62689	-2.83358
38.5	119.25	-4.86022	-4.04025
38.25	119.25	-4.72023	-4.75358
38	119.25	-4.06022	-5.12358
37.75	119.25	-3.26356	-5.55358
37.5	119.25	-2.81689	-6.18358
37.25	119.25	-2.51356	-6.47691
40.25	119.5	0.599773	-1.09358
40	119.5	0.379773	1.72975
39.75	119.5	-0.84356	3.32309
39.5	119.5	-2.22689	2.05309
39.25	119.5	-3.21356	-0.283579
39	119.5	-3.89356	-2.35025
38.75	119.5	-4.42356	-3.87025
38.5	119.5	-4.75023	-4.90691
38.25	119.5	-4.66356	-5.48025
38	119.5	-4.11689	-5.72025
37.75	119.5	-3.42356	-5.91691
37.5	119.5	-2.90022	-6.17358
37.25	119.5	-2.31689	-6.25358
40.25	119.75	0.673106	-0.643579
40	119.75	-0.316894	1.99309
39.75	119.75	-1.75689	2.72642
39.5	119.75	-2.85689	0.719754
39.25	119.75	-3.53689	-1.58691
39	119.75	-4.04689	-3.34358
38.75	119.75	-4.52689	-4.66025
38.5	119.75	-4.77022	-5.63025
38.25	119.75	-4.62356	-6.12358
38	119.75	-4.11689	-6.18691
37.75	119.75	-3.51689	-6.07358
37.5	119.75	-2.92356	-5.94025
37.25	119.75	-1.97356	-5.58025
40.25	120	-0.186894	0.466421
40	120	-1.63689	2.21975
39.75	120	-2.92356	1.37642
39.5	120	-3.74023	-0.850246
39.25	120	-4.16356	-2.83691
39	120	-4.52356	-4.28025
38.75	120	-4.85356	-5.48358
38.5	120	-4.92023	-6.39691
38.25	120	-4.62023	-6.81025
38	120	-4.07689	-6.63691
37.75	120	-3.44689	-6.05025
37.5	120	-2.59022	-5.51025
37.25	120	-1.11023	-4.72358
40.25	120.25	-1.75689	1.19642
40	120.25	-3.14022	1.24309
39.75	120.25	-4.01689	-0.406912
39.5	120.25	-4.47023	-2.44025
39.25	120.25	-4.73689	-4.06358
39	120.25	-5.04356	-5.33358
38.75	120.25	-5.21356	-6.46358
38.5	120.25	-5.04689	-7.29025
38.25	120.25	-4.57356	-7.61025
38	120.25	-3.89356	-7.06025
37.75	120.25	-2.93356	-5.72025
37.5	120.25	-1.53689	-4.50358
37.25	120.25	-0.210227	-4.45025
40.25	120.5	-3.20689	0.503088
40	120.5	-4.15356	-0.616912
39.75	120.5	-4.60356	-2.32025
39.5	120.5	-4.79356	-3.93691
39.25	120.5	-5.01022	-5.26358
39	120.5	-5.28356	-6.46358
38.75	120.5	-5.29356	-7.51025
38.5	120.5	-4.89689	-8.19691
38.25	120.5	-4.26356	-8.36691
38	120.5	-3.41023	-7.47691
37.75	120.5	-1.94689	-5.28691
37.5	120.5	-0.44356	-3.49358
37.25	120.5	0.279773	-4.06025
40.25	120.75	-3.84356	-1.23358
40	120.75	-4.35356	-2.56358
39.75	120.75	-4.60022	-3.89691
39.5	120.75	-4.71356	-5.18358
39.25	120.75	-4.94356	-6.38025
39	120.75	-5.12689	-7.44025
38.75	120.75	-4.89356	-8.28358
38.5	120.75	-4.30022	-8.84025
38.25	120.75	-3.58356	-8.94025
38	120.75	-2.61689	-7.88358
37.75	120.75	-0.73356	-4.96025
37.5	120.75	0.369773	-3.21025
37.25	120.75	0.303106	-3.53358
40.25	121	-3.48689	-2.89691
40	121	-3.82689	-3.70358
39.75	121	-4.04689	-4.71691
39.5	121	-4.17023	-5.92691
39.25	121	-4.45023	-7.13358
39	121	-4.40356	-7.83025
38.75	121	-3.87356	-8.36025
38.5	121	-3.32022	-9.02358
38.25	121	-2.77023	-9.27358
38	121	-1.72356	-8.10691
37.75	121	0.18644	-5.32358
37.5	121	0.849773	-3.25358
37.25	121	0.163106	-3.10025
40.25	121.25	-2.64023	-3.28025
40	121.25	-2.95689	-3.68358
39.75	121.25	-3.02023	-4.61691
39.5	121.25	-3.03689	-5.78358
39.25	121.25	-3.54689	-7.41691
39	121.25	-3.24689	-7.61358
38.75	121.25	-2.56022	-7.80691
38.5	121.25	-2.36022	-9.01358
38.25	121.25	-1.94689	-9.28358
38	121.25	-0.750227	-7.81025
37.75	121.25	0.94644	-5.20025
37.5	121.25	1.10311	-3.22358
37.25	121.25	0.0697731	-2.87691
40.25	121.5	-2.35023	-3.24358
40	121.5	-2.49356	-3.67358
39.75	121.5	-1.99023	-4.44025
39.5	121.5	-1.70689	-5.40025
39.25	121.5	-2.34689	-7.35025
39	121.5	-1.85356	-6.91025
38.75	121.5	-1.63023	-7.95025
38.5	121.5	-1.65689	-9.19691
38.25	121.5	-1.14023	-8.89358
38	121.5	0.30644	-6.65691
37.75	121.5	1.64977	-4.12025
37.5	121.5	1.47311	-2.86025
37.25	121.5	0.16644	-2.68691
40.25	121.75	-2.67022	-3.16358
40	121.75	-2.34022	-4.05691
39.75	121.75	-1.28022	-5.04025
39.5	121.75	-0.713562	-5.82025
39.25	121.75	-0.783562	-6.51358
39	121.75	-0.806894	-7.04025
38.75	121.75	-0.946894	-8.65358
38.5	121.75	-1.04356	-9.42025
38.25	121.75	-0.170227	-7.93025
38	121.75	1.42644	-4.89025
37.75	121.75	2.41644	-2.69025
37.5	121.75	1.81311	-2.16691
37.25	121.75	0.389773	-2.30691
40.25	122	-2.88689	-3.09358
40	122	-1.71689	-4.54358
39.75	122	-0.320227	-5.19358
39.5	122	0.259773	-5.89691
39.25	122	0.339773	-6.72358
39	122	-0.116894	-7.93691
38.75	122	-0.460227	-9.63692
38.5	122	-0.296894	-9.21691
38.25	122	0.973106	-6.28358
38	122	2.49978	-2.96025
37.75	122	3.05977	-1.60025
37.5	122	2.19977	-1.90025
37.25	122	0.73644	-2.35358
40.25	122.25	-2.13356	-3.07691
40	122.25	-0.440227	-4.66691
39.75	122.25	0.723106	-5.36358
39.5	122.25	0.969775	-6.17691
39.25	122.25	0.51644	-8.18025
39	122.25	0.0364397	-9.73692
38.75	122.25	-0.0268936	-10.0069
38.5	122.25	0.73644	-8.14025
38.25	122.25	2.15311	-4.48025
38	122.25	3.25977	-1.71358
37.75	122.25	3.46311	-1.42025
37.5	122.25	2.67644	-2.27358
37.25	122.25	1.17644	-2.53025
