40.25	117.25	-1.26052	-1.74126
40	117.25	-1.75385	0.038734
39.75	117.25	-1.27385	4.1554
39.5	117.25	-0.570516	5.7854
39.25	117.25	-1.03385	5.02874
39	117.25	-2.20385	4.42207
38.75	117.25	-3.34385	4.49874
38.5	117.25	-4.24052	4.30207
38.25	117.25	-5.02718	3.54207
38	117.25	-5.69385	2.36207
37.75	117.25	-6.13052	0.962069
37.5	117.25	-6.32052	-0.377933
37.25	117.25	-6.28385	-1.29793
40.25	117.5	-0.540516	-1.55126
40	117.5	-0.830516	0.815402
39.75	117.5	-0.193849	4.8854
39.5	117.5	0.0761509	6.1054
39.25	117.5	-0.730516	5.25874
39	117.5	-1.86052	4.5754
38.75	117.5	-2.98052	4.71207
38.5	117.5	-3.90718	4.44874
38.25	117.5	-4.58385	3.4354
38	117.5	-5.19718	2.0654
37.75	117.5	-5.68385	0.512067
37.5	117.5	-5.93718	-0.991264
37.25	117.5	-5.88385	-1.90126
40.25	117.75	0.199484	-1.26793
40	117.75	0.0228174	1.02207
39.75	117.75	0.736151	4.74207
39.5	117.75	0.712818	6.04207
39.25	117.75	-0.440516	5.69874
39	117.75	-1.92052	5.66207
38.75	117.75	-3.14052	5.3954
38.5	117.75	-3.97052	4.6054
38.25	117.75	-4.41718	3.31207
38	117.75	-4.68052	1.76874
37.75	117.75	-5.03385	0.0887338
37.5	117.75	-5.21718	-1.52793
37.25	117.75	-5.15385	-2.4046
40.25	118	0.696151	-1.13126
40	118	0.576151	0.602067
39.75	118	1.18282	3.81207
39.5	118	0.96615	5.40874
39.25	118	-0.423849	5.87207
39	118	-2.14385	5.92874
38.75	118	-3.41718	5.1854
38.5	118	-4.19718	4.0854
38.25	118	-4.53718	2.8754
38	118	-4.43385	1.39207
37.75	118	-4.32718	-0.317933
37.5	118	-4.34718	-1.95126
37.25	118	-4.33052	-2.77126
40.25	118.25	0.96615	-1.20793
40	118.25	0.749484	0.0920672
39.75	118.25	0.93615	2.7854
39.5	118.25	0.592818	4.53874
39.25	118.25	-0.727182	5.1454
39	118.25	-2.46718	5.2554
38.75	118.25	-3.72385	4.3154
38.5	118.25	-4.44052	3.0854
38.25	118.25	-4.66718	1.96874
38	118.25	-4.01052	0.778734
37.75	118.25	-3.61385	-0.731266
37.5	118.25	-3.46052	-2.23793
37.25	118.25	-3.47052	-3.00126
40.25	118.5	0.959483	-1.13126
40	118.5	0.422818	0.00873373
39.75	118.5	0.212818	2.3554
39.5	118.5	-0.193849	3.97207
39.25	118.5	-1.29718	4.33207
39	118.5	-2.86385	4.2754
38.75	118.5	-3.95718	3.19874
38.5	118.5	-4.61052	1.88874
38.25	118.5	-4.70052	0.852067
38	118.5	-3.84385	-0.0679327
37.75	118.5	-3.03052	-1.31126
37.5	118.5	-2.81385	-2.5946
37.25	118.5	-2.79052	-3.3546
40.25	118.75	0.532818	-0.627933
40	118.75	-0.207182	0.352067
39.75	118.75	-0.463849	2.31207
39.5	118.75	-0.92385	3.69207
39.25	118.75	-1.90718	3.7254
39	118.75	-3.25052	3.24874
38.75	118.75	-4.11385	2.02207
38.5	118.75	-4.64718	0.672067
38.25	118.75	-4.66385	-0.374599
38	118.75	-3.59052	-1.12126
37.75	118.75	-2.80052	-2.17126
37.5	118.75	-2.54718	-3.3346
37.25	118.75	-2.43052	-4.0046
40.25	119	-0.223849	-0.0579328
40	119	-0.570516	0.628734
39.75	119	-0.693849	2.32874
39.5	119	-1.30718	3.40874
39.25	119	-2.36385	3.08207
39	119	-3.51052	2.15874
38.75	119	-4.16385	0.798734
38.5	119	-4.56385	-0.521266
38.25	119	-4.61052	-1.64126
38	119	-3.97718	-2.51126
37.75	119	-3.10385	-3.33126
37.5	119	-2.83052	-4.47793
37.25	119	-2.46052	-4.96793
40.25	119.25	-0.237182	-0.0079328
40	119.25	-0.260516	0.722069
39.75	119.25	-0.513849	2.36207
39.5	119.25	-1.42052	3.08207
39.25	119.25	-2.65718	2.41874
39	119.25	-3.54718	1.05207
38.75	119.25	-4.06052	-0.331266
38.5	119.25	-4.39052	-1.60126
38.25	119.25	-4.50718	-2.7646
38	119.25	-4.22385	-3.7246
37.75	119.25	-3.65718	-4.50793
37.5	119.25	-3.07385	-5.20126
37.25	119.25	-2.50718	-5.56126
40.25	119.5	0.569484	-0.164599
40	119.5	0.359484	0.968736
39.75	119.5	-0.353849	2.56207
39.5	119.5	-1.54385	2.63874
39.25	119.5	-2.67052	1.50207
39	119.5	-3.40718	0.0520671
38.75	119.5	-3.90052	-1.30793
38.5	119.5	-4.23052	-2.5546
38.25	119.5	-4.36718	-3.69793
38	119.5	-4.24385	-4.5746
37.75	119.5	-3.86718	-5.1446
37.5	119.5	-3.29385	-5.50126
37.25	119.5	-2.56718	-5.6046
40.25	119.75	1.08948	0.138734
40	119.75	0.582818	1.3454
39.75	119.75	-0.497182	2.29874
39.5	119.75	-1.77052	1.7254
39.25	119.75	-2.71385	0.482067
39	119.75	-3.32718	-0.894599
38.75	119.75	-3.85052	-2.20126
38.5	119.75	-4.23052	-3.44793
38.25	119.75	-4.34052	-4.5246
38	119.75	-4.25052	-5.23126
37.75	119.75	-3.97052	-5.4746
37.5	119.75	-3.34052	-5.3946
37.25	119.75	-2.34052	-5.11126
40.25	120	0.836151	0.712067
40	120	0.206151	1.56874
39.75	120	-1.16385	1.46207
39.5	120	-2.36052	0.538734
39.25	120	-3.05385	-0.641266
39	120	-3.56052	-1.88126
38.75	120	-4.10718	-3.1546
38.5	120	-4.46052	-4.35126
38.25	120	-4.49052	-5.33793
38	120	-4.34052	-5.81126
37.75	120	-3.97385	-5.5646
37.5	120	-3.00052	-4.95793
37.25	120	-1.45385	-4.15126
40.25	120.25	0.0294842	0.775402
40	120.25	-0.897182	0.808734
39.75	120.25	-2.22718	0.112067
39.5	120.25	-3.17718	-0.794599
39.25	120.25	-3.68718	-1.7746
39	120.25	-4.15052	-2.9246
38.75	120.25	-4.59718	-4.1446
38.5	120.25	-4.78052	-5.23126
38.25	120.25	-4.68052	-6.1346
38	120.25	-4.42052	-6.34126
37.75	120.25	-3.63718	-5.41793
37.5	120.25	-1.93052	-4.00126
37.25	120.25	-0.490516	-3.9046
40.25	120.5	-1.07718	-0.287933
40	120.5	-2.15052	-0.757933
39.75	120.5	-3.15718	-1.38126
39.5	120.5	-3.85052	-1.99126
39.25	120.5	-4.31718	-2.78126
39	120.5	-4.75052	-3.91126
38.75	120.5	-4.99385	-5.08793
38.5	120.5	-4.85718	-5.9646
38.25	120.5	-4.57718	-6.71126
38	120.5	-4.24385	-6.78793
37.75	120.5	-2.82718	-5.14126
37.5	120.5	-0.810516	-3.26793
37.25	120.5	0.0894842	-3.69793
40.25	120.75	-2.19385	-1.9246
40	120.75	-2.95718	-2.24126
39.75	120.75	-3.56718	-2.4246
39.5	120.75	-4.12385	-2.80793
39.25	120.75	-4.67052	-3.63126
39	120.75	-5.00385	-4.76126
38.75	120.75	-4.93385	-5.79793
38.5	120.75	-4.50718	-6.45793
38.25	120.75	-4.20718	-7.1346
38	120.75	-3.91052	-7.2946
37.75	120.75	-1.86052	-5.0346
37.5	120.75	0.119484	-3.00793
37.25	120.75	0.406151	-3.1446
40.25	121	-2.92385	-2.99793
40	121	-3.13718	-2.75793
39.75	121	-3.39718	-2.5846
39.5	121	-3.92385	-3.16126
39.25	121	-4.54718	-4.2946
39	121	-4.63385	-5.29793
38.75	121	-4.20052	-6.02793
38.5	121	-3.82385	-6.7346
38.25	121	-3.85718	-7.57126
38	121	-3.78052	-7.97126
37.75	121	-1.61385	-6.0746
37.5	121	0.746151	-3.2146
37.25	121	0.802818	-2.55793
40.25	121.25	-3.11718	-2.74793
40	121.25	-2.90052	-2.0446
39.75	121.25	-2.83052	-2.04126
39.5	121.25	-3.24718	-3.10793
39.25	121.25	-3.99385	-4.83126
39	121.25	-3.74385	-5.5746
38.75	121.25	-3.13385	-6.0546
38.5	121.25	-3.17052	-7.1646
38.25	121.25	-3.58718	-8.12793
38	121.25	-3.75385	-8.62793
37.75	121.25	-1.64718	-7.05793
37.5	121.25	1.05615	-3.57126
37.25	121.25	1.25282	-2.1746
40.25	121.5	-3.31385	-2.13126
40	121.5	-2.85718	-1.4446
39.75	121.5	-2.31052	-1.82793
39.5	121.5	-2.31385	-3.06126
39.25	121.5	-3.04052	-5.13793
39	121.5	-2.56718	-5.5746
38.75	121.5	-2.34718	-6.60126
38.5	121.5	-2.63385	-7.86126
38.25	121.5	-3.24052	-8.7746
38	121.5	-3.50052	-9.10126
37.75	121.5	-1.37385	-7.26126
37.5	121.5	1.54615	-3.6846
37.25	121.5	1.63615	-2.10126
40.25	121.75	-3.49718	-1.7346
40	121.75	-2.91385	-1.68793
39.75	121.75	-1.86052	-2.38793
39.5	121.75	-1.47718	-3.4646
39.25	121.75	-1.66052	-4.72126
39	121.75	-1.83052	-6.1846
38.75	121.75	-1.89718	-7.59126
38.5	121.75	-2.21385	-8.71793
38.25	121.75	-2.75718	-9.39793
38	121.75	-2.75385	-9.24793
37.75	121.75	-0.457182	-6.70793
37.5	121.75	2.08282	-2.97126
37.25	121.75	1.70615	-1.7846
40.25	122	-3.38385	-1.70126
40	122	-2.36718	-2.5446
39.75	122	-1.08718	-3.32793
39.5	122	-0.527182	-3.84126
39.25	122	-0.810516	-5.18126
39	122	-1.51052	-7.18126
38.75	122	-1.84385	-8.7046
38.5	122	-1.96718	-9.42126
38.25	122	-2.17385	-9.7446
38	122	-1.57718	-8.94126
37.75	122	0.906151	-5.72793
37.5	122	2.85615	-2.1246
37.25	122	1.94948	-1.65793
40.25	122.25	-2.53385	-2.17793
40	122.25	-1.08052	-3.51126
39.75	122.25	0.119484	-3.64126
39.5	122.25	0.226151	-4.3746
39.25	122.25	-0.737183	-6.53793
39	122.25	-1.62385	-8.31126
38.75	122.25	-1.96052	-9.22793
38.5	122.25	-1.97718	-9.6146
38.25	122.25	-1.60718	-9.53793
38	122.25	-0.133849	-8.03126
37.75	122.25	2.46282	-4.52126
37.5	122.25	3.77615	-1.75126
37.25	122.25	2.37615	-1.7446
