40.25	117.25	-0.409918	-2.20969
40	117.25	0.503416	-1.27302
39.75	117.25	1.50675	-0.559691
39.5	117.25	1.64008	-0.839691
39.25	117.25	1.47675	-0.649691
39	117.25	1.84675	0.550309
38.75	117.25	2.10675	2.04698
38.5	117.25	1.50008	3.32031
38.25	117.25	0.606749	3.96698
38	117.25	-0.106584	3.94364
37.75	117.25	-0.926583	3.86031
37.5	117.25	-1.92992	3.56698
37.25	117.25	-2.61325	2.60364
40.25	117.5	0.84675	-2.11302
40	117.5	1.23675	-1.16302
39.75	117.5	1.78008	-0.929689
39.5	117.5	1.68675	-1.68302
39.25	117.5	1.68675	-1.49636
39	117.5	2.17675	0.350309
38.75	117.5	2.32675	2.41364
38.5	117.5	1.64675	3.71031
38.25	117.5	0.746749	4.02364
38	117.5	-0.00991777	3.88364
37.75	117.5	-0.84325	3.81031
37.5	117.5	-1.69992	3.49698
37.25	117.5	-2.28992	2.56364
40.25	117.75	0.98675	-1.79969
40	117.75	1.11008	-0.783025
39.75	117.75	1.72675	-0.973023
39.5	117.75	1.83675	-2.07969
39.25	117.75	2.17675	-1.83636
39	117.75	2.88008	0.596975
38.75	117.75	2.53008	3.22364
38.5	117.75	1.42342	4.32031
38.25	117.75	0.463416	4.24698
38	117.75	-0.296584	3.88364
37.75	117.75	-0.94325	3.63698
37.5	117.75	-1.40658	3.19364
37.25	117.75	-1.70992	2.32364
40.25	118	0.426749	-1.73636
40	118	0.74675	-0.683025
39.75	118	1.60008	-1.03302
39.5	118	1.91342	-2.15302
39.25	118	2.59008	-1.77302
39	118	3.17675	1.09364
38.75	118	2.15675	3.65364
38.5	118	0.646749	4.47364
38.25	118	-0.216584	4.44031
38	118	-0.79325	3.81698
37.75	118	-1.11325	3.19698
37.5	118	-1.08992	2.60364
37.25	118	-1.05658	1.87364
40.25	118.25	0.276749	-2.07969
40	118.25	0.90675	-0.923024
39.75	118.25	1.58675	-1.12636
39.5	118.25	1.78342	-2.08636
39.25	118.25	2.34008	-1.50302
39	118.25	2.81008	1.30364
38.75	118.25	1.58675	3.63364
38.5	118.25	8.21667e-005	4.14698
38.25	118.25	-0.733251	4.06031
38	118.25	-1.01658	3.22364
37.75	118.25	-1.06992	2.33698
37.5	118.25	-0.666584	1.62364
37.25	118.25	-0.289918	1.15698
40.25	118.5	0.72675	-2.29636
40	118.5	1.22342	-1.16302
39.75	118.5	1.65008	-1.21636
39.5	118.5	1.52675	-1.98969
39.25	118.5	1.77342	-1.37969
39	118.5	2.13342	1.23031
38.75	118.5	1.16008	3.26698
38.5	118.5	-0.0465845	3.59698
38.25	118.5	-0.473251	3.34031
38	118.5	-0.589918	2.34031
37.75	118.5	-0.556584	1.15031
37.5	118.5	-0.0432511	0.376975
37.25	118.5	0.590082	0.173642
40.25	118.75	1.13675	-2.01969
40	118.75	1.24675	-1.31969
39.75	118.75	1.66342	-1.31969
39.5	118.75	1.43675	-1.93969
39.25	118.75	1.31008	-1.42302
39	118.75	1.57342	0.860309
38.75	118.75	1.12008	2.67698
38.5	118.75	0.490082	2.86698
38.25	118.75	0.373416	2.40364
38	118.75	0.280082	1.25031
37.75	118.75	0.183416	-0.0763582
37.5	118.75	0.486749	-0.836358
37.25	118.75	1.18675	-0.856357
40.25	119	0.980083	-1.31969
40	119	1.23008	-1.41302
39.75	119	1.91008	-1.49636
39.5	119	1.71675	-1.97636
39.25	119	1.26675	-1.59302
39	119	1.36675	0.313642
38.75	119	1.28675	1.86698
38.5	119	1.02342	1.96698
38.25	119	0.956749	1.37031
38	119	0.746749	0.270309
37.75	119	0.290082	-0.996356
37.5	119	0.183416	-1.76969
37.25	119	0.850082	-1.66302
40.25	119.25	1.28342	-0.966358
40	119.25	1.79342	-1.55636
39.75	119.25	2.64342	-1.64302
39.5	119.25	2.49008	-2.06636
39.25	119.25	1.78675	-1.76302
39	119.25	1.55342	-0.133025
38.75	119.25	1.40008	1.05698
38.5	119.25	1.00342	1.07364
38.25	119.25	0.583416	0.463642
38	119.25	0.120082	-0.516358
37.75	119.25	-0.636584	-1.61302
37.5	119.25	-1.15992	-2.20636
37.25	119.25	-0.476584	-2.11636
40.25	119.5	2.41008	-0.976357
40	119.5	2.67342	-1.28969
39.75	119.5	4.02008	-1.65969
39.5	119.5	3.62342	-2.00969
39.25	119.5	2.51675	-1.54969
39	119.5	1.86342	-0.289691
38.75	119.5	1.28675	0.496975
38.5	119.5	0.466749	0.396975
38.25	119.5	-0.376584	-0.216358
38	119.5	-1.19992	-1.05636
37.75	119.5	-2.00992	-1.92302
37.5	119.5	-2.45325	-2.37636
37.25	119.5	-1.89992	-2.21302
40.25	119.75	3.01342	-0.696358
40	119.75	3.51675	-0.583025
39.75	119.75	5.21675	-1.04969
39.5	119.75	4.56008	-1.52636
39.25	119.75	3.13008	-1.08302
39	119.75	2.00675	-0.203025
38.75	119.75	0.926749	0.226975
38.5	119.75	-0.233251	-0.0763582
38.25	119.75	-1.29992	-0.743025
38	119.75	-2.16992	-1.50636
37.75	119.75	-2.78325	-2.15302
37.5	119.75	-2.92325	-2.29636
37.25	119.75	-2.28325	-1.97302
40.25	120	3.21008	-0.286358
40	120	4.84008	0.346975
39.75	120	6.02342	-0.326358
39.5	120	5.07342	-0.969691
39.25	120	3.33008	-0.616358
39	120	1.77342	-0.0363582
38.75	120	0.410082	-0.00635823
38.5	120	-0.786584	-0.529691
38.25	120	-1.79992	-1.25302
38	120	-2.60658	-1.90302
37.75	120	-2.96325	-2.19636
37.5	120	-2.58992	-1.95302
37.25	120	-1.49658	-1.70302
40.25	120.25	3.31342	0.136975
40	120.25	5.47008	0.923644
39.75	120.25	6.30675	0.140309
39.5	120.25	5.03008	-0.476358
39.25	120.25	3.01342	-0.246358
39	120.25	1.20008	-0.0396916
38.75	120.25	-0.159918	-0.419691
38.5	120.25	-1.14325	-1.09969
38.25	120.25	-1.97658	-1.78969
38	120.25	-2.66658	-2.17636
37.75	120.25	-2.76325	-2.00636
37.5	120.25	-1.88992	-1.75636
37.25	120.25	-0.919917	-2.23969
40.25	120.5	3.52008	0.276975
40	120.5	5.53008	0.833642
39.75	120.5	5.81675	0.163642
39.5	120.5	4.34675	-0.259691
39.25	120.5	2.25008	-0.153025
39	120.5	0.520082	-0.399691
38.75	120.5	-0.576584	-1.07969
38.5	120.5	-1.26992	-1.72969
38.25	120.5	-1.93658	-2.26969
38	120.5	-2.55325	-2.40636
37.75	120.5	-2.36325	-1.90636
37.5	120.5	-1.48992	-1.91302
37.25	120.5	-1.02325	-2.95302
40.25	120.75	3.58342	0.00364187
40	120.75	4.93008	0.280309
39.75	120.75	4.70675	-0.136358
39.5	120.75	3.21008	-0.293025
39.25	120.75	1.41342	-0.409691
39	120.75	0.0800822	-1.04302
38.75	120.75	-0.669918	-1.81969
38.5	120.75	-1.18658	-2.33636
38.25	120.75	-1.81992	-2.73969
38	120.75	-2.36992	-2.77636
37.75	120.75	-1.90325	-2.09302
37.5	120.75	-1.30325	-2.24636
37.25	120.75	-1.23992	-3.15969
40.25	121	3.24008	-0.573025
40	121	3.87675	-0.376358
39.75	121	3.35342	-0.446358
39.5	121	2.01342	-0.459691
39.25	121	0.853416	-0.889691
39	121	0.0800822	-1.66636
38.75	121	-0.376584	-2.36302
38.5	121	-0.959917	-2.88969
38.25	121	-1.75658	-3.33302
38	121	-2.35325	-3.43636
37.75	121	-1.96658	-2.86969
37.5	121	-1.13325	-2.49636
37.25	121	-0.939917	-2.95969
40.25	121.25	2.41342	-1.00636
40	121.25	2.60342	-0.533025
39.75	121.25	2.05675	-0.426358
39.5	121.25	1.22342	-0.633025
39.25	121.25	0.690082	-1.31636
39	121.25	0.406749	-2.03636
38.75	121.25	0.0867488	-2.66302
38.5	121.25	-0.716584	-3.42636
38.25	121.25	-1.72992	-3.97636
38	121.25	-2.44992	-4.17969
37.75	121.25	-2.34325	-3.78636
37.5	121.25	-1.26325	-2.88969
37.25	121.25	-0.446584	-2.77636
40.25	121.5	1.70675	-0.876358
40	121.5	1.70675	-0.209691
39.75	121.5	1.36342	-0.343025
39.5	121.5	1.01342	-0.873024
39.25	121.5	0.890083	-1.61302
39	121.5	0.830082	-2.20636
38.75	121.5	0.476749	-3.05636
38.5	121.5	-0.536584	-3.97302
38.25	121.5	-1.67658	-4.57969
38	121.5	-2.47658	-4.84969
37.75	121.5	-2.64658	-4.53302
37.5	121.5	-1.78325	-3.74636
37.25	121.5	-0.373251	-3.13636
40.25	121.75	1.22008	-0.359691
40	121.75	1.16008	-0.0163581
39.75	121.75	1.20342	-0.66969
39.5	121.75	1.28008	-1.37302
39.25	121.75	1.33675	-1.86302
39	121.75	1.23008	-2.56636
38.75	121.75	0.666749	-3.69302
38.5	121.75	-0.489918	-4.57636
38.25	121.75	-1.59325	-5.15636
38	121.75	-2.34992	-5.40969
37.75	121.75	-2.66992	-5.12636
37.5	121.75	-1.99992	-4.33636
37.25	121.75	-0.563251	-3.35969
40.25	122	0.980083	0.0103085
40	122	1.07675	-0.386358
39.75	122	1.45675	-1.39636
39.5	122	1.92008	-2.17969
39.25	122	2.01342	-2.51302
39	122	1.61008	-3.20302
38.75	122	0.663416	-4.37302
38.5	122	-0.599918	-5.17302
38.25	122	-1.56992	-5.68636
38	122	-2.16658	-5.92969
37.75	122	-2.42658	-5.69302
37.5	122	-1.90992	-4.86636
37.25	122	-0.886583	-3.95636
40.25	122.25	0.97675	-0.276358
40	122.25	1.46342	-1.26302
39.75	122.25	1.94342	-2.02969
39.5	122.25	2.53675	-2.82969
39.25	122.25	2.72008	-3.49302
39	122.25	1.88008	-4.17302
38.75	122.25	0.453416	-4.97969
38.5	122.25	-0.816584	-5.69969
38.25	122.25	-1.62992	-6.18969
38	122.25	-2.04658	-6.43302
37.75	122.25	-2.17325	-6.30636
37.5	122.25	-1.82658	-5.80302
37.25	122.25	-1.16658	-4.79302
