40.25	117.25	-0.210527	2.00206
40	117.25	-1.6372	-0.404607
39.75	117.25	-1.3772	-2.19127
39.5	117.25	0.139473	-0.664607
39.25	117.25	0.82614	1.89539
39	117.25	-0.17386	3.18539
38.75	117.25	-2.33386	3.18873
38.5	117.25	-3.41386	2.31539
38.25	117.25	-2.4772	2.32206
38	117.25	-1.40386	3.39873
37.75	117.25	-1.6472	3.92873
37.5	117.25	-2.27386	3.12539
37.25	117.25	-2.53386	1.91206
40.25	117.5	-0.540527	2.33873
40	117.5	-1.92053	-0.32794
39.75	117.5	-1.95053	-1.91794
39.5	117.5	-1.10053	0.72206
39.25	117.5	-1.04386	3.58873
39	117.5	-1.8772	3.97539
38.75	117.5	-4.2072	3.41539
38.5	117.5	-5.6272	2.07873
38.25	117.5	-4.0672	1.62206
38	117.5	-1.5372	2.67539
37.75	117.5	-0.687193	3.32206
37.5	117.5	-1.41053	2.60206
37.25	117.5	-2.22386	1.42539
40.25	117.75	-1.3072	2.71873
40	117.75	-2.1872	-0.37794
39.75	117.75	-2.30386	-1.28794
39.5	117.75	-1.77386	2.37539
39.25	117.75	-1.9472	5.42206
39	117.75	-3.2972	5.47539
38.75	117.75	-5.43386	3.73206
38.5	117.75	-6.93386	1.51206
38.25	117.75	-5.61053	0.458726
38	117.75	-2.1372	1.20539
37.75	117.75	0.119473	2.21539
37.5	117.75	-0.270527	2.11873
37.25	117.75	-1.64053	1.41873
40.25	118	-0.957195	2.35873
40	118	-1.6072	-0.741274
39.75	118	-1.64053	-1.17461
39.5	118	-0.80386	2.72539
39.25	118	-0.710527	5.97206
39	118	-1.93053	5.84539
38.75	118	-3.9172	3.43539
38.5	118	-6.24053	0.738726
38.25	118	-6.6272	-1.01127
38	118	-3.2372	-0.35794
37.75	118	-0.0105265	1.06206
37.5	118	0.0994733	1.90206
37.25	118	-1.5972	1.92206
40.25	118.25	0.302807	1.62206
40	118.25	-0.640527	-0.991274
39.75	118.25	-1.0572	-1.54461
39.5	118.25	0.369473	1.49873
39.25	118.25	1.5428	4.51206
39	118.25	0.796139	5.05873
38.75	118.25	-1.5672	3.05539
38.5	118.25	-4.89053	0.338726
38.25	118.25	-6.7572	-1.57127
38	118.25	-4.3972	-0.994606
37.75	118.25	-1.27386	0.79206
37.5	118.25	-0.76386	2.24873
37.25	118.25	-2.2272	2.69539
40.25	118.5	1.3528	1.37539
40	118.5	-0.807193	-0.554607
39.75	118.5	-2.1272	-1.45794
39.5	118.5	-0.227193	0.228726
39.25	118.5	2.5028	2.78873
39	118.5	2.87614	4.38539
38.75	118.5	0.24614	3.05206
38.5	118.5	-3.69053	0.61206
38.25	118.5	-6.2472	-0.921274
38	118.5	-5.0672	-0.0112737
37.75	118.5	-2.80386	1.63539
37.5	118.5	-2.03386	2.85873
37.25	118.5	-2.97386	3.18539
40.25	118.75	1.08614	1.99873
40	118.75	-1.79386	0.948726
39.75	118.75	-4.11386	-0.00460693
39.5	118.75	-2.51386	0.72206
39.25	118.75	1.56947	2.69873
39	118.75	3.42614	4.28873
38.75	118.75	1.2928	3.29539
38.5	118.75	-2.64053	1.26873
38.25	118.75	-5.26053	0.418726
38	118.75	-4.8972	1.45873
37.75	118.75	-3.98386	2.81873
37.5	118.75	-3.53386	3.34539
37.25	118.75	-3.5772	2.92873
40.25	119	0.239473	2.47873
40	119	-2.41053	2.35539
39.75	119	-4.84386	1.77873
39.5	119	-4.57053	2.29206
39.25	119	-0.47386	3.40873
39	119	2.7228	4.20873
38.75	119	1.82614	3.20873
38.5	119	-1.50053	1.74539
38.25	119	-4.01053	1.53539
38	119	-4.44053	2.58539
37.75	119	-4.34053	3.28206
37.5	119	-4.73386	2.78206
37.25	119	-4.1472	1.70206
40.25	119.25	-0.0105265	2.34873
40	119.25	-1.9872	2.64539
39.75	119.25	-4.32386	2.75873
39.5	119.25	-5.52386	3.48873
39.25	119.25	-2.59053	3.75539
39	119.25	1.06614	3.38539
38.75	119.25	1.6728	2.39539
38.5	119.25	-0.330527	1.64539
38.25	119.25	-2.42386	1.94873
38	119.25	-3.37053	2.84539
37.75	119.25	-3.96386	2.77873
37.5	119.25	-4.5572	1.19206
37.25	119.25	-4.08053	-0.254607
40.25	119.5	-0.147193	2.13206
40	119.5	-1.55386	2.64206
39.75	119.5	-4.54386	3.68539
39.5	119.5	-5.8072	3.68206
39.25	119.5	-4.1472	2.92873
39	119.5	-1.09386	1.82539
38.75	119.5	0.749473	0.978727
38.5	119.5	0.482807	0.948726
38.25	119.5	-0.820527	1.66206
38	119.5	-1.85386	2.20539
37.75	119.5	-2.6072	1.46539
37.5	119.5	-3.2872	-0.654607
37.25	119.5	-3.09386	-2.04127
40.25	119.75	-0.637193	2.59873
40	119.75	-1.5272	2.97873
39.75	119.75	-3.9672	3.49206
39.5	119.75	-5.28386	2.91873
39.25	119.75	-4.92053	1.64206
39	119.75	-3.0572	0.16206
38.75	119.75	-0.70386	-0.61794
38.5	119.75	0.702807	-0.174607
38.25	119.75	0.499473	0.86206
38	119.75	-0.440527	1.15206
37.75	119.75	-1.29053	-0.0112736
37.5	119.75	-1.9172	-2.11127
37.25	119.75	-1.7972	-3.21794
40.25	120	-0.91386	4.06873
40	120	-1.65053	4.08539
39.75	120	-3.45386	3.15873
39.5	120	-4.6972	2.22206
39.25	120	-4.96386	0.748726
39	120	-4.1372	-0.96794
38.75	120	-1.99053	-1.93127
38.5	120	0.449473	-1.42461
38.25	120	1.3928	-0.174607
38	120	0.702807	0.0787264
37.75	120	-0.367193	-1.14127
37.5	120	-0.950528	-2.93127
37.25	120	-0.70386	-3.67461
40.25	120.25	-0.660527	5.00873
40	120.25	-1.54386	4.19873
39.75	120.25	-3.22053	2.83206
39.5	120.25	-4.23053	1.76873
39.25	120.25	-4.57053	0.248726
39	120.25	-4.29053	-1.64794
38.75	120.25	-2.6872	-2.94461
38.5	120.25	0.0361402	-2.62794
38.25	120.25	1.8828	-1.22127
38	120.25	1.5928	-0.721274
37.75	120.25	0.329473	-1.61794
37.5	120.25	-0.35386	-3.02127
37.25	120.25	-0.24386	-3.82461
40.25	120.5	-0.690527	5.02539
40	120.5	-1.7672	3.27206
39.75	120.5	-3.20053	2.09539
39.5	120.5	-3.8872	1.24873
39.25	120.5	-4.04386	-0.294607
39	120.5	-3.86053	-2.32794
38.75	120.5	-2.67053	-3.83794
38.5	120.5	-0.160527	-3.68461
38.25	120.5	2.12614	-2.07794
38	120.5	2.29614	-1.24794
37.75	120.5	1.0128	-1.89127
37.5	120.5	-0.0271932	-2.90794
37.25	120.5	-0.320527	-3.67127
40.25	120.75	-1.06053	4.04873
40	120.75	-2.26053	1.72206
39.75	120.75	-3.2872	1.02873
39.5	120.75	-3.61386	0.42206
39.25	120.75	-3.53386	-1.13794
39	120.75	-3.1672	-3.16794
38.75	120.75	-2.0672	-4.64127
38.5	120.75	0.129473	-4.49127
38.25	120.75	2.3928	-2.73461
38	120.75	2.86947	-1.69794
37.75	120.75	1.51614	-2.15794
37.5	120.75	0.0094735	-3.11461
37.25	120.75	-0.787193	-3.44461
40.25	121	-1.3372	2.75873
40	121	-2.68386	0.318726
39.75	121	-3.3272	-0.0812736
39.5	121	-3.32386	-0.654607
39.25	121	-3.02053	-2.22127
39	121	-2.2672	-3.93794
38.75	121	-0.910527	-5.04461
38.5	121	1.06947	-4.84794
38.25	121	2.92947	-3.21461
38	121	3.31614	-2.14794
37.75	121	1.91614	-2.54461
37.5	121	-0.13386	-3.30794
37.25	121	-1.3372	-3.33794
40.25	121.25	-1.0672	1.79873
40	121.25	-2.52386	-0.461274
39.75	121.25	-2.92386	-0.967941
39.5	121.25	-2.7172	-1.71794
39.25	121.25	-2.3872	-3.28127
39	121.25	-1.33386	-4.39461
38.75	121.25	0.402807	-4.80794
38.5	121.25	2.3928	-4.78461
38.25	121.25	3.78947	-3.53127
38	121.25	3.7428	-2.53794
37.75	121.25	2.2128	-2.64461
37.5	121.25	-0.0405264	-3.08127
37.25	121.25	-1.4972	-3.12127
40.25	121.5	-0.21386	1.20873
40	121.5	-1.79386	-0.897941
39.75	121.5	-2.02386	-1.78127
39.5	121.5	-1.79386	-2.73127
39.25	121.5	-1.5772	-4.15127
39	121.5	-0.58386	-4.57127
38.75	121.5	1.3528	-4.82461
38.5	121.5	3.67614	-4.58127
38.25	121.5	4.85947	-3.72461
38	121.5	4.2428	-2.75461
37.75	121.5	2.55947	-2.38794
37.5	121.5	0.429473	-2.80127
37.25	121.5	-1.02386	-3.13127
40.25	121.75	0.772807	0.548726
40	121.75	-0.687193	-1.33127
39.75	121.75	-0.76386	-2.57461
39.5	121.75	-0.58386	-3.52794
39.25	121.75	-0.58386	-4.60461
39	121.75	-0.0738599	-5.20461
38.75	121.75	1.9028	-5.40461
38.5	121.75	4.70947	-4.48794
38.25	121.75	5.86947	-3.67794
38	121.75	4.8428	-2.77794
37.75	121.75	3.14614	-2.12794
37.5	121.75	1.34947	-2.36794
37.25	121.75	-0.0405264	-2.90794
40.25	122	1.53947	-0.50794
40	122	0.552807	-2.03461
39.75	122	0.612807	-3.10794
39.5	122	0.65614	-4.04127
39.25	122	0.262807	-5.20461
39	122	0.172807	-6.42461
38.75	122	2.18947	-6.35794
38.5	122	5.50947	-4.60461
38.25	122	6.77614	-3.51461
38	122	5.55947	-2.73794
37.75	122	3.92614	-2.01461
37.5	122	2.4128	-2.34794
37.25	122	0.906138	-3.13127
40.25	122.25	2.0528	-2.22461
40	122.25	1.65947	-2.96127
39.75	122.25	1.69614	-3.65461
39.5	122.25	1.4728	-4.43461
39.25	122.25	0.859473	-6.59794
39	122.25	0.419473	-8.30127
38.75	122.25	2.47614	-7.56794
38.5	122.25	6.12614	-4.99127
38.25	122.25	7.51947	-3.42127
38	122.25	6.18614	-2.62461
37.75	122.25	4.65947	-2.10461
37.5	122.25	3.30614	-2.54127
37.25	122.25	1.46614	-3.11461
