40.25	117.25	-1.39304	1.0476
40	117.25	-3.57304	-0.955735
39.75	117.25	-4.17638	-2.05907
39.5	117.25	-2.80304	-0.689069
39.25	117.25	-1.34304	2.00093
39	117.25	-2.08304	3.8176
38.75	117.25	-4.65638	3.64426
38.5	117.25	-5.90638	2.52093
38.25	117.25	-4.76304	2.5976
38	117.25	-2.85971	4.15426
37.75	117.25	-2.42304	4.92426
37.5	117.25	-3.15971	3.86426
37.25	117.25	-3.74638	2.19426
40.25	117.5	-1.39304	1.0476
40	117.5	-3.43638	-0.942402
39.75	117.5	-4.18638	-1.1424
39.5	117.5	-3.34971	1.5976
39.25	117.5	-2.55971	4.0076
39	117.5	-2.94971	4.36093
38.75	117.5	-5.11638	3.85093
38.5	117.5	-6.78304	2.53093
38.25	117.5	-5.77971	1.80093
38	117.5	-2.97971	2.80426
37.75	117.5	-1.34638	3.88426
37.5	117.5	-1.91638	3.3676
37.25	117.5	-3.18304	1.96426
40.25	117.75	-1.53638	1.08093
40	117.75	-2.86304	-1.02907
39.75	117.75	-3.60304	-0.549069
39.5	117.75	-2.76971	3.32093
39.25	117.75	-2.39971	5.5776
39	117.75	-3.42638	5.28426
38.75	117.75	-5.51304	4.10093
38.5	117.75	-7.36638	2.48426
38.25	117.75	-6.92971	1.10093
38	117.75	-3.66638	1.17093
37.75	117.75	-0.736379	2.48093
37.5	117.75	-0.719712	3.0176
37.25	117.75	-2.44304	2.38093
40.25	118	-0.899712	1.03426
40	118	-2.12638	-1.32907
39.75	118	-2.65304	-0.692402
39.5	118	-1.26638	3.1976
39.25	118	-0.593045	5.6276
39	118	-2.01638	5.25093
38.75	118	-4.45304	3.8476
38.5	118	-7.02971	2.29426
38.25	118	-7.85971	0.600931
38	118	-4.96304	0.214264
37.75	118	-1.30971	1.50426
37.5	118	-0.636379	3.0576
37.25	118	-2.34971	3.31426
40.25	118.25	0.123621	1.01426
40	118.25	-1.72304	-0.845736
39.75	118.25	-2.92638	-0.785736
39.5	118.25	-0.749712	1.98093
39.25	118.25	1.29695	4.24426
39	118.25	0.213621	4.57093
38.75	118.25	-2.85971	3.64426
38.5	118.25	-6.17971	2.38093
38.25	118.25	-7.90304	0.914264
38	118.25	-5.88638	0.390931
37.75	118.25	-2.75971	1.68426
37.5	118.25	-1.70304	3.54426
37.25	118.25	-2.80638	4.18093
40.25	118.5	0.500288	1.67093
40	118.5	-2.64304	0.530931
39.75	118.5	-4.75971	0.0742643
39.5	118.5	-2.18638	1.19093
39.25	118.5	1.49029	3.01093
39	118.5	1.70362	4.23093
38.75	118.5	-1.39638	3.86426
38.5	118.5	-5.00638	2.88426
38.25	118.5	-7.03971	1.83093
38	118.5	-6.12304	1.6076
37.75	118.5	-4.03304	2.51093
37.5	118.5	-2.85638	3.8976
37.25	118.5	-3.25638	4.36426
40.25	118.75	-0.183045	2.76426
40	118.75	-3.87638	2.32093
39.75	118.75	-6.04304	1.49426
39.5	118.75	-4.15971	1.60093
39.25	118.75	0.0569546	2.93093
39	118.75	1.73696	4.27093
38.75	118.75	-0.453045	4.1676
38.5	118.75	-3.65971	3.38093
38.25	118.75	-5.53971	2.7076
38	118.75	-5.33638	2.50426
37.75	118.75	-4.67638	3.14093
37.5	118.75	-4.03971	3.8076
37.25	118.75	-3.73638	3.71093
40.25	119	-0.896379	3.0176
40	119	-3.54971	2.9576
39.75	119	-5.09304	2.30093
39.5	119	-5.06971	2.55426
39.25	119	-1.85971	3.2876
39	119	0.633621	4.04426
38.75	119	-0.0930454	3.86426
38.5	119	-2.35304	3.37426
38.25	119	-3.97638	3.11426
38	119	-4.51971	3.01093
37.75	119	-4.71304	3.0376
37.5	119	-5.05304	2.88093
37.25	119	-4.43971	2.3276
40.25	119.25	-0.656379	2.69093
40	119.25	-1.90304	2.30426
39.75	119.25	-3.52638	2.7176
39.5	119.25	-4.94971	3.50426
39.25	119.25	-3.47638	3.54093
39	119.25	-1.11304	3.10426
38.75	119.25	-0.519712	2.62426
38.5	119.25	-1.37304	2.58093
38.25	119.25	-2.49304	2.83426
38	119.25	-3.42971	2.85093
37.75	119.25	-4.30304	2.3276
37.5	119.25	-5.04638	1.29426
37.25	119.25	-4.68638	0.424264
40.25	119.5	0.0569546	2.3376
40	119.5	-0.886377	2.18093
39.75	119.5	-3.08638	3.6276
39.5	119.5	-4.63638	4.1276
39.25	119.5	-4.34971	3.22426
39	119.5	-2.86304	1.80093
38.75	119.5	-1.55304	0.967597
38.5	119.5	-0.946379	1.2476
38.25	119.5	-1.25304	2.0076
38	119.5	-2.22971	2.12093
37.75	119.5	-3.30971	1.2276
37.5	119.5	-4.22304	-0.285736
37.25	119.5	-4.11638	-1.32907
40.25	119.75	0.236955	2.6076
40	119.75	-0.569712	2.42426
39.75	119.75	-2.62304	3.77093
39.5	119.75	-4.09304	3.96426
39.25	119.75	-4.55304	2.68093
39	119.75	-4.07971	0.760931
38.75	119.75	-2.75638	-0.449069
38.5	119.75	-1.10638	-0.219069
38.25	119.75	-0.383045	0.867598
38	119.75	-1.11304	1.16093
37.75	119.75	-2.31971	0.157598
37.5	119.75	-3.19304	-1.46907
37.25	119.75	-3.05638	-2.54574
40.25	120	0.266955	3.62426
40	120	-0.579712	3.53093
39.75	120	-2.40971	3.66093
39.5	120	-3.61971	3.57093
39.25	120	-4.21304	2.2376
39	120	-4.42304	0.220931
38.75	120	-3.58971	-1.3424
38.5	120	-1.58638	-1.48574
38.25	120	0.0636214	-0.405736
38	120	-0.143045	0.164264
37.75	120	-1.43304	-0.645736
37.5	120	-2.30304	-2.1824
37.25	120	-1.78304	-2.97574
40.25	120.25	0.446955	4.35426
40	120.25	-0.629712	3.7176
39.75	120.25	-2.34304	3.37426
39.5	120.25	-3.21304	3.0676
39.25	120.25	-3.64304	1.83093
39	120.25	-4.09971	-0.125736
38.75	120.25	-3.83638	-1.92907
38.5	120.25	-2.09638	-2.55574
38.25	120.25	0.163621	-1.6624
38	120.25	0.640288	-0.719069
37.75	120.25	-0.529712	-1.0524
37.5	120.25	-1.41638	-2.42574
37.25	120.25	-1.21638	-3.4224
40.25	120.5	0.426955	4.05093
40	120.5	-0.953045	2.9776
39.75	120.5	-2.36971	2.69093
39.5	120.5	-2.88638	2.3776
39.25	120.5	-3.10971	1.19426
39	120.5	-3.46971	-0.662402
38.75	120.5	-3.45638	-2.50574
38.5	120.5	-2.17971	-3.42907
38.25	120.5	0.133621	-2.71574
38	120.5	1.20696	-1.4724
37.75	120.5	0.390288	-1.3724
37.5	120.5	-0.703045	-2.48907
37.25	120.5	-1.15304	-3.3424
40.25	120.75	0.130288	3.0876
40	120.75	-1.48638	1.67093
39.75	120.75	-2.46638	1.65426
39.5	120.75	-2.66971	1.4676
39.25	120.75	-2.73638	0.294264
39	120.75	-2.80971	-1.4124
38.75	120.75	-2.64304	-3.07907
38.5	120.75	-1.66304	-4.05574
38.25	120.75	0.353621	-3.52907
38	120.75	1.74362	-2.21574
37.75	120.75	1.18029	-1.75907
37.5	120.75	-0.359712	-2.69574
37.25	120.75	-1.45638	-2.97574
40.25	121	-0.173045	1.98426
40	121	-1.94304	0.380931
39.75	121	-2.56304	0.504264
39.5	121	-2.54638	0.354264
39.25	121	-2.49304	-0.759069
39	121	-2.16638	-2.1524
38.75	121	-1.54971	-3.4324
38.5	121	-0.553045	-4.32574
38.25	121	1.08362	-4.0724
38	121	2.33696	-2.93907
37.75	121	1.79029	-2.3424
37.5	121	-0.206379	-2.79574
37.25	121	-1.74638	-2.7724
40.25	121.25	-0.0497119	1.04093
40	121.25	-1.84638	-0.442402
39.75	121.25	-2.31638	-0.469069
39.5	121.25	-2.19638	-0.715736
39.25	121.25	-2.19971	-1.76574
39	121.25	-1.60638	-2.71574
38.75	121.25	-0.583045	-3.52907
38.5	121.25	0.703621	-4.3724
38.25	121.25	2.19362	-4.3724
38	121.25	3.02362	-3.5124
37.75	121.25	2.27362	-2.78907
37.5	121.25	0.00695473	-2.80907
37.25	121.25	-1.72971	-2.75574
40.25	121.5	0.606955	0.344264
40	121.5	-1.23638	-0.899069
39.75	121.5	-1.66638	-1.25907
39.5	121.5	-1.52638	-1.5824
39.25	121.5	-1.61638	-2.58907
39	121.5	-1.13305	-3.19574
38.75	121.5	-0.176379	-3.99574
38.5	121.5	1.64029	-4.5124
38.25	121.5	3.34696	-4.54574
38	121.5	3.78696	-3.83574
37.75	121.5	2.76029	-2.87907
37.5	121.5	0.540288	-2.69574
37.25	121.5	-1.13638	-2.6924
40.25	121.75	1.38696	-0.289069
40	121.75	-0.336379	-1.2324
39.75	121.75	-0.686379	-1.8624
39.5	121.75	-0.553045	-2.2524
39.25	121.75	-0.659712	-3.0424
39	121.75	-0.776379	-4.0624
38.75	121.75	-0.189712	-4.97907
38.5	121.75	2.04696	-5.05907
38.25	121.75	4.29362	-4.73574
38	121.75	4.59696	-3.9424
37.75	121.75	3.36362	-2.78574
37.5	121.75	1.40029	-2.34574
37.25	121.75	-0.203045	-2.50574
40.25	122	1.85362	-1.04907
40	122	0.656955	-1.67907
39.75	122	0.453621	-2.2124
39.5	122	0.500288	-2.7624
39.25	122	0.206955	-3.76907
39	122	-0.503045	-5.30907
38.75	122	-0.333045	-6.35574
38.5	122	2.12696	-5.96907
38.25	122	4.98029	-5.04907
38	122	5.45696	-3.97574
37.75	122	4.14029	-2.6924
37.5	122	2.40029	-2.30907
37.25	122	0.726955	-2.7624
40.25	122.25	1.97362	-2.27574
40	122.25	1.53029	-2.4024
39.75	122.25	1.30362	-2.49907
39.5	122.25	1.18029	-3.25574
39.25	122.25	0.833621	-5.1924
39	122.25	-0.099712	-7.01907
38.75	122.25	-0.319712	-7.94907
38.5	122.25	2.07696	-7.18907
38.25	122.25	5.46696	-5.51907
38	122.25	6.25696	-3.9924
37.75	122.25	4.94362	-2.71574
37.5	122.25	3.37029	-2.53907
37.25	122.25	1.51362	-2.91574
