40.25	117.25	-2.10355	-1.03499
40	117.25	-3.76688	-0.678327
39.75	117.25	-4.42688	1.19834
39.5	117.25	-2.97688	3.03501
39.25	117.25	-2.14022	4.29501
39	117.25	-3.17355	4.98501
38.75	117.25	-4.71688	4.85834
38.5	117.25	-5.18688	3.98834
38.25	117.25	-4.35022	3.35501
38	117.25	-3.25022	3.97167
37.75	117.25	-3.15355	5.18834
37.5	117.25	-3.93022	5.68167
37.25	117.25	-4.20355	5.36834
40.25	117.5	-1.09355	-1.30833
40	117.5	-3.24688	-0.754995
39.75	117.5	-4.01688	1.27834
39.5	117.5	-2.76355	3.09834
39.25	117.5	-2.17355	4.36501
39	117.5	-3.20355	5.20501
38.75	117.5	-4.90355	5.75167
38.5	117.5	-5.75355	5.15834
38.25	117.5	-5.03022	4.17167
38	117.5	-3.77688	4.19501
37.75	117.5	-3.26355	5.17501
37.5	117.5	-3.63688	5.81167
37.25	117.5	-3.75022	5.59501
40.25	117.75	-1.00688	-0.948328
40	117.75	-3.19355	-0.328327
39.75	117.75	-3.88688	1.10501
39.5	117.75	-2.64022	2.66501
39.25	117.75	-2.22022	4.36501
39	117.75	-3.68688	6.30501
38.75	117.75	-5.52022	7.29501
38.5	117.75	-6.29355	6.78834
38.25	117.75	-5.58022	5.67501
38	117.75	-4.22022	5.07501
37.75	117.75	-3.45022	5.50167
37.5	117.75	-3.48355	5.90167
37.25	117.75	-3.40688	5.61167
40.25	118	-1.74022	0.06834
40	118	-3.35355	0.19834
39.75	118	-4.02688	0.788341
39.5	118	-2.79688	1.97501
39.25	118	-2.41355	4.13501
39	118	-3.77355	6.70501
38.75	118	-5.26688	7.85501
38.5	118	-5.99022	7.54167
38.25	118	-5.70355	6.75167
38	118	-4.51022	6.07834
37.75	118	-3.59688	5.70834
37.5	118	-3.35355	5.84834
37.25	118	-3.21688	5.59834
40.25	118.25	-2.02688	0.731674
40	118.25	-3.15688	0.491673
39.75	118.25	-4.03688	0.761674
39.5	118.25	-3.23022	1.73167
39.25	118.25	-2.65355	3.75834
39	118.25	-3.56355	6.33167
38.75	118.25	-4.63688	7.48501
38.5	118.25	-5.21688	7.45834
38.25	118.25	-5.30355	6.90834
38	118.25	-4.46355	5.89501
37.75	118.25	-3.60688	5.34834
37.5	118.25	-3.07688	5.42167
37.25	118.25	-2.87688	5.44501
40.25	118.5	-1.65355	0.771674
40	118.5	-2.94688	0.695007
39.75	118.5	-3.90355	1.17501
39.5	118.5	-3.68688	2.28834
39.25	118.5	-2.97688	3.86167
39	118.5	-3.51355	5.93167
38.75	118.5	-4.10355	6.79501
38.5	118.5	-4.49688	6.87501
38.25	118.5	-4.78688	6.42834
38	118.5	-4.41022	5.36834
37.75	118.5	-3.69022	4.61167
37.5	118.5	-2.87022	4.66501
37.25	118.5	-2.43022	4.98167
40.25	118.75	-1.24688	0.705007
40	118.75	-3.17022	0.855008
39.75	118.75	-4.01688	1.69168
39.5	118.75	-3.79355	3.06501
39.25	118.75	-3.30355	4.37501
39	118.75	-3.72022	5.68834
38.75	118.75	-4.01355	6.05167
38.5	118.75	-4.10022	5.99834
38.25	118.75	-4.32022	5.50834
38	118.75	-4.24355	4.39167
37.75	118.75	-4.10022	3.86167
37.5	118.75	-3.38688	3.98501
37.25	118.75	-2.44688	4.29167
40.25	119	-1.27688	0.755007
40	119	-2.85355	0.565007
39.75	119	-3.27688	1.59501
39.5	119	-3.49355	3.47834
39.25	119	-3.52355	4.71501
39	119	-4.04355	5.33834
38.75	119	-4.16355	5.17834
38.5	119	-3.98355	4.95501
38.25	119	-4.00688	4.56834
38	119	-4.35022	3.80167
37.75	119	-4.69022	3.24167
37.5	119	-4.59355	3.39834
37.25	119	-3.25022	3.57501
40.25	119.25	-1.05355	0.605007
40	119.25	-1.77688	0.06834
39.75	119.25	-2.24022	1.40834
39.5	119.25	-3.03688	3.69501
39.25	119.25	-3.73688	4.92167
39	119.25	-4.30688	4.74501
38.75	119.25	-4.39022	4.20834
38.5	119.25	-4.05022	3.84501
38.25	119.25	-3.84688	3.56167
38	119.25	-4.23355	3.04501
37.75	119.25	-5.03688	2.57501
37.5	119.25	-5.34688	2.49834
37.25	119.25	-4.14688	2.67167
40.25	119.5	0.0231184	0.18834
40	119.5	-0.583548	0.0250067
39.75	119.5	-1.64355	1.88167
39.5	119.5	-2.67355	4.01501
39.25	119.5	-3.58688	4.65167
39	119.5	-4.31022	4.04501
38.75	119.5	-4.51022	3.27501
38.5	119.5	-4.17688	2.81167
38.25	119.5	-3.80355	2.51167
38	119.5	-3.95688	2.12167
37.75	119.5	-4.66355	1.67501
37.5	119.5	-5.35355	1.54501
37.25	119.5	-4.69355	1.75834
40.25	119.75	0.809785	-0.0283267
40	119.75	0.139785	0.611673
39.75	119.75	-1.09688	2.54167
39.5	119.75	-2.09022	4.05834
39.25	119.75	-3.01355	4.22834
39	119.75	-3.83688	3.39834
38.75	119.75	-4.24022	2.50167
38.5	119.75	-4.16355	1.90834
38.25	119.75	-3.82688	1.52167
38	119.75	-3.65355	1.16834
37.75	119.75	-4.09022	0.875007
37.5	119.75	-4.88022	0.90834
37.25	119.75	-4.52022	1.05167
40.25	120	0.696452	0.135007
40	120	0.183118	1.44167
39.75	120	-0.896882	2.99501
39.5	120	-1.69355	3.88167
39.25	120	-2.31022	3.68501
39	120	-2.97688	2.83834
38.75	120	-3.60688	1.90167
38.5	120	-3.85022	1.12167
38.25	120	-3.65355	0.57834
38	120	-3.34355	0.26834
37.75	120	-3.57355	0.331673
37.5	120	-4.17022	0.625007
37.25	120	-3.46688	0.445007
40.25	120.25	0.283118	0.391673
40	120.25	-0.290215	1.87501
39.75	120.25	-1.27022	3.02834
39.5	120.25	-1.70688	3.40501
39.25	120.25	-1.83022	3.00834
39	120.25	-2.20022	2.25501
38.75	120.25	-2.75688	1.37501
38.5	120.25	-3.22022	0.445007
38.25	120.25	-3.24688	-0.304993
38	120.25	-2.94688	-0.52166
37.75	120.25	-2.87022	-0.0849933
37.5	120.25	-3.01355	0.261673
37.25	120.25	-2.83688	-0.0583267
40.25	120.5	0.0331185	0.255007
40	120.5	-1.00688	1.56167
39.75	120.5	-1.89355	2.45501
39.5	120.5	-2.02022	2.59834
39.25	120.5	-1.85355	2.16501
39	120.5	-1.85355	1.55834
38.75	120.5	-2.08022	0.835007
38.5	120.5	-2.45688	-0.10166
38.25	120.5	-2.63355	-1.00499
38	120.5	-2.31688	-1.24166
37.75	120.5	-1.88688	-0.608327
37.5	120.5	-1.78022	-0.208327
37.25	120.5	-2.33688	-0.47166
40.25	120.75	0.0664518	-0.398327
40	120.75	-1.47355	0.55834
39.75	120.75	-2.41022	1.38501
39.5	120.75	-2.35688	1.51834
39.25	120.75	-2.10688	1.16834
39	120.75	-1.87355	0.741673
38.75	120.75	-1.72688	0.24834
38.5	120.75	-1.78688	-0.544993
38.25	120.75	-1.83022	-1.50166
38	120.75	-1.39355	-1.94833
37.75	120.75	-0.723548	-1.29833
37.5	120.75	-0.920216	-0.704993
37.25	120.75	-1.73688	-0.59166
40.25	121	0.393118	-1.55499
40	121	-1.40688	-0.808327
39.75	121	-2.31688	0.115007
39.5	121	-2.31688	0.34834
39.25	121	-2.19688	0.135007
39	121	-1.91022	-0.0883268
38.75	121	-1.58022	-0.34166
38.5	121	-1.43355	-0.934993
38.25	121	-1.23355	-1.92166
38	121	-0.510215	-2.68499
37.75	121	0.206452	-2.27166
37.5	121	-0.150215	-1.19499
37.25	121	-1.04355	-0.628327
40.25	121.25	0.979785	-2.68166
40	121.25	-0.650215	-1.93499
39.75	121.25	-1.71688	-0.981658
39.5	121.25	-1.84688	-0.62166
39.25	121.25	-1.97355	-0.718327
39	121.25	-1.80355	-0.788327
38.75	121.25	-1.63022	-0.904993
38.5	121.25	-1.58355	-1.38166
38.25	121.25	-1.13355	-2.36833
38	121.25	-0.0635482	-3.38499
37.75	121.25	0.829785	-3.30499
37.5	121.25	0.409785	-1.71499
37.25	121.25	-0.403548	-0.841659
40.25	121.5	1.54312	-3.60833
40	121.5	0.0864518	-2.77166
39.75	121.5	-0.950216	-1.75499
39.5	121.5	-1.17355	-1.29499
39.25	121.5	-1.34688	-1.29833
39	121.5	-1.41688	-1.39166
38.75	121.5	-1.76355	-1.61499
38.5	121.5	-2.03022	-2.06166
38.25	121.5	-1.55355	-2.92166
38	121.5	-0.180215	-3.96833
37.75	121.5	1.08978	-4.05166
37.5	121.5	0.943118	-2.50499
37.25	121.5	0.126452	-1.31166
40.25	121.75	1.48312	-3.70499
40	121.75	0.466452	-2.99499
39.75	121.75	-0.273548	-2.22833
39.5	121.75	-0.426882	-1.79499
39.25	121.75	-0.536882	-1.78833
39	121.75	-0.983549	-2.21499
38.75	121.75	-1.72022	-2.70499
38.5	121.75	-2.27022	-3.10499
38.25	121.75	-2.02688	-3.67833
38	121.75	-0.620215	-4.51166
37.75	121.75	1.17978	-4.59499
37.5	121.75	1.52978	-3.18166
37.25	121.75	0.673118	-1.77833
40.25	122	0.869785	-2.86833
40	122	0.666452	-2.65833
39.75	122	0.496452	-2.38166
39.5	122	0.376452	-2.27833
39.25	122	0.049785	-2.66833
39	122	-0.766882	-3.62166
38.75	122	-1.51688	-4.24499
38.5	122	-2.05688	-4.46166
38.25	122	-2.14022	-4.68833
38	122	-1.01688	-5.18499
37.75	122	1.19645	-5.17499
37.5	122	2.18978	-3.71833
37.25	122	1.39645	-2.39499
40.25	122.25	0.246452	-2.01499
40	122.25	0.919784	-2.44499
39.75	122.25	1.21645	-2.43166
39.5	122.25	1.02645	-2.87166
39.25	122.25	0.256452	-4.09833
39	122.25	-0.790215	-5.37499
38.75	122.25	-1.21355	-5.85166
38.5	122.25	-1.55355	-5.84833
38.25	122.25	-1.90022	-5.86166
38	122.25	-1.20355	-6.07166
37.75	122.25	1.11978	-5.85166
37.5	122.25	2.96978	-4.41499
37.25	122.25	2.31978	-2.93499
