40.25	117.25	-2.52776	-0.631614
40	117.25	-4.26109	-0.698281
39.75	117.25	-4.58776	0.975054
39.5	117.25	-2.97442	2.96172
39.25	117.25	-2.36442	4.29172
39	117.25	-3.23109	4.83172
38.75	117.25	-3.97442	5.04839
38.5	117.25	-3.84442	4.77839
38.25	117.25	-3.32776	4.45172
38	117.25	-3.00442	4.86839
37.75	117.25	-3.21109	5.77839
37.5	117.25	-3.30442	6.10839
37.25	117.25	-2.72109	5.74172
40.25	117.5	-1.52776	-0.851615
40	117.5	-3.67442	-1.07495
39.75	117.5	-4.21442	0.568386
39.5	117.5	-2.87776	2.78505
39.25	117.5	-2.36442	4.38839
39	117.5	-3.11442	5.29172
38.75	117.5	-3.96776	6.04172
38.5	117.5	-4.03109	6.10839
38.25	117.5	-3.43776	5.61172
38	117.5	-3.08109	5.54505
37.75	117.5	-3.14776	5.94839
37.5	117.5	-3.15442	6.06839
37.25	117.5	-2.56776	5.66505
40.25	117.75	-1.30442	-0.828281
40	117.75	-3.26442	-0.981614
39.75	117.75	-4.08109	0.201719
39.5	117.75	-2.90109	2.50172
39.25	117.75	-2.46776	4.77505
39	117.75	-3.50776	6.63172
38.75	117.75	-4.44776	7.61172
38.5	117.75	-4.32442	7.68505
38.25	117.75	-3.54109	7.02172
38	117.75	-3.02776	6.23839
37.75	117.75	-2.99442	6.06505
37.5	117.75	-2.94776	5.91172
37.25	117.75	-2.46442	5.39172
40.25	118	-1.80442	-0.354947
40	118	-3.16442	-0.734947
39.75	118	-4.15442	-0.0749472
39.5	118	-3.13776	2.16505
39.25	118	-2.67442	5.01839
39	118	-3.67109	7.27505
38.75	118	-4.44776	8.19839
38.5	118	-4.40776	8.20172
38.25	118	-3.87442	7.71839
38	118	-3.19442	6.77839
37.75	118	-2.98776	5.96172
37.5	118	-2.86442	5.61505
37.25	118	-2.55109	5.19839
40.25	118.25	-1.85109	-0.111614
40	118.25	-2.72776	-0.541614
39.75	118.25	-3.89109	-0.0749472
39.5	118.25	-3.35442	2.08172
39.25	118.25	-2.78776	4.73839
39	118.25	-3.53442	6.99505
38.75	118.25	-4.18776	7.72172
38.5	118.25	-4.28776	7.88839
38.25	118.25	-4.14442	7.48505
38	118.25	-3.55442	6.24839
37.75	118.25	-3.08109	5.38172
37.5	118.25	-2.75442	5.14172
37.25	118.25	-2.55776	5.03839
40.25	118.5	-1.40776	-0.484947
40	118.5	-2.35109	-0.514947
39.75	118.5	-3.38776	0.415054
39.5	118.5	-3.43109	2.41839
39.25	118.5	-2.81776	4.61172
39	118.5	-3.31776	6.50839
38.75	118.5	-3.83776	6.99172
38.5	118.5	-4.10776	7.12505
38.25	118.5	-4.30776	6.74839
38	118.5	-3.98109	5.59505
37.75	118.5	-3.36776	4.71172
37.5	118.5	-2.63442	4.54505
37.25	118.5	-2.31442	4.73505
40.25	118.75	-0.94109	-0.771615
40	118.75	-2.38776	-0.491614
39.75	118.75	-3.22109	0.768387
39.5	118.75	-3.27776	2.92505
39.25	118.75	-2.88109	4.74839
39	118.75	-3.28776	6.12839
38.75	118.75	-3.58109	6.37839
38.5	118.75	-3.81776	6.25172
38.25	118.75	-4.20109	5.73172
38	118.75	-4.10776	4.63172
37.75	118.75	-3.81442	4.22839
37.5	118.75	-3.09776	4.18839
37.25	118.75	-2.26109	4.35172
40.25	119	-1.10442	-0.641614
40	119	-2.23776	-0.521614
39.75	119	-2.68776	0.871721
39.5	119	-2.85109	3.15505
39.25	119	-2.96109	4.76839
39	119	-3.43442	5.72505
38.75	119	-3.54442	5.66839
38.5	119	-3.61442	5.43172
38.25	119	-3.92442	4.94505
38	119	-4.26776	4.20505
37.75	119	-4.35442	3.87839
37.5	119	-4.01442	4.11839
37.25	119	-2.70776	4.17172
40.25	119.25	-1.13776	-0.578281
40	119.25	-1.73109	-0.834948
39.75	119.25	-2.02109	0.80172
39.5	119.25	-2.55109	3.24505
39.25	119.25	-3.21109	4.82172
39	119.25	-3.71109	5.01505
38.75	119.25	-3.76776	4.80839
38.5	119.25	-3.63442	4.57172
38.25	119.25	-3.71442	4.18172
38	119.25	-4.13776	3.56839
37.75	119.25	-4.75442	3.35505
37.5	119.25	-4.64442	3.62839
37.25	119.25	-3.32442	3.84839
40.25	119.5	-0.387757	-0.914948
40	119.5	-1.02109	-0.968281
39.75	119.5	-1.76776	0.985054
39.5	119.5	-2.38109	3.39172
39.25	119.5	-3.17109	4.44839
39	119.5	-3.87109	4.25505
38.75	119.5	-4.06442	3.85505
38.5	119.5	-3.90442	3.60839
38.25	119.5	-3.74109	3.30172
38	119.5	-3.93109	2.76839
37.75	119.5	-4.50442	2.55505
37.5	119.5	-4.81776	2.95172
37.25	119.5	-3.89109	3.37172
40.25	119.75	0.112243	-1.04828
40	119.75	-0.737757	-0.528281
39.75	119.75	-1.62442	1.44505
39.5	119.75	-2.21109	3.36839
39.25	119.75	-2.94109	3.97839
39	119.75	-3.67776	3.56172
38.75	119.75	-4.07442	3.02172
38.5	119.75	-4.15109	2.67839
38.25	119.75	-3.95109	2.30505
38	119.75	-3.78442	1.86172
37.75	119.75	-4.16109	1.78839
37.5	119.75	-4.60776	2.39839
37.25	119.75	-3.96109	2.75172
40.25	120	-0.11109	-0.884947
40	120	-0.91109	0.0817193
39.75	120	-1.72776	1.91172
39.5	120	-2.22109	3.25172
39.25	120	-2.69442	3.43839
39	120	-3.19109	2.89839
38.75	120	-3.68442	2.30505
38.5	120	-3.98109	1.77172
38.25	120	-3.98109	1.31505
38	120	-3.78109	0.98172
37.75	120	-3.85442	1.31505
37.5	120	-4.13109	2.09505
37.25	120	-3.25442	1.87505
40.25	120.25	-0.464424	-0.594947
40	120.25	-1.14442	0.631719
39.75	120.25	-2.02442	2.12505
39.5	120.25	-2.49776	2.90839
39.25	120.25	-2.59776	2.79839
39	120.25	-2.71109	2.23172
38.75	120.25	-3.04776	1.61505
38.5	120.25	-3.45442	1.00839
38.25	120.25	-3.67109	0.355053
38	120.25	-3.60776	0.158386
37.75	120.25	-3.40442	0.795053
37.5	120.25	-3.04442	1.48172
37.25	120.25	-2.56442	1.12505
40.25	120.5	-0.444424	-0.798281
40	120.5	-1.38109	0.435053
39.75	120.5	-2.40776	1.74839
39.5	120.5	-2.79109	2.23172
39.25	120.5	-2.69109	1.97505
39	120.5	-2.50442	1.49505
38.75	120.5	-2.50776	1.02505
38.5	120.5	-2.72776	0.428386
38.25	120.5	-3.06776	-0.371614
38	120.5	-3.06776	-0.644947
37.75	120.5	-2.53109	0.128386
37.5	120.5	-1.77442	0.628386
37.25	120.5	-2.03109	0.461719
40.25	120.75	-0.227757	-1.61828
40	120.75	-1.52442	-0.541614
39.75	120.75	-2.59776	0.728386
39.5	120.75	-2.88776	1.24839
39.25	120.75	-2.77442	1.03505
39	120.75	-2.48109	0.698386
38.75	120.75	-2.19442	0.461719
38.5	120.75	-2.14776	-0.0182804
38.25	120.75	-2.26776	-0.844947
38	120.75	-2.17776	-1.41828
37.75	120.75	-1.38776	-0.741613
37.5	120.75	-1.02109	-0.0316139
37.25	120.75	-1.45776	0.0350529
40.25	121	0.00557637	-2.94828
40	121	-1.40442	-2.18828
39.75	121	-2.36109	-0.694947
39.5	121	-2.59776	0.0550529
39.25	121	-2.56776	0.0217195
39	121	-2.31109	-0.0849472
38.75	121	-2.04109	-0.161614
38.5	121	-1.93109	-0.444947
38.25	121	-1.86109	-1.19495
38	121	-1.42442	-2.12828
37.75	121	-0.58109	-1.84495
37.5	121	-0.33109	-0.69828
37.25	121	-0.841089	-0.224947
40.25	121.25	0.41891	-4.14495
40	121.25	-0.797757	-3.29161
39.75	121.25	-1.66109	-1.69828
39.5	121.25	-1.92776	-0.881613
39.25	121.25	-2.08442	-0.784947
39	121.25	-1.92442	-0.724947
38.75	121.25	-1.92776	-0.714947
38.5	121.25	-2.11109	-0.891614
38.25	121.25	-1.95776	-1.58828
38	121.25	-1.20776	-2.68828
37.75	121.25	-0.207757	-2.86828
37.5	121.25	0.142243	-1.39161
37.25	121.25	-0.247757	-0.588281
40.25	121.5	0.86891	-4.72495
40	121.5	-0.224424	-3.74495
39.75	121.5	-0.964423	-2.22495
39.5	121.5	-1.20109	-1.51161
39.25	121.5	-1.33109	-1.34828
39	121.5	-1.36776	-1.31828
38.75	121.5	-1.81109	-1.45495
38.5	121.5	-2.33776	-1.62828
38.25	121.5	-2.33109	-2.10161
38	121.5	-1.50109	-3.16161
37.75	121.5	-0.234424	-3.53495
37.5	121.5	0.382243	-2.26828
37.25	121.5	0.232243	-1.19495
40.25	121.75	0.78891	-4.23828
40	121.75	-0.00442353	-3.46828
39.75	121.75	-0.387757	-2.56828
39.5	121.75	-0.424424	-2.05828
39.25	121.75	-0.49109	-1.87495
39	121.75	-0.861089	-2.17828
38.75	121.75	-1.62776	-2.58161
38.5	121.75	-2.26776	-2.82495
38.25	121.75	-2.48442	-3.00495
38	121.75	-1.88442	-3.63495
37.75	121.75	-0.517757	-4.03828
37.5	121.75	0.625576	-3.01828
37.25	121.75	0.692243	-1.71828
40.25	122	0.22891	-2.79161
40	122	0.092243	-2.74495
39.75	122	0.302243	-2.62495
39.5	122	0.392243	-2.59161
39.25	122	0.162243	-2.86161
39	122	-0.684424	-3.57828
38.75	122	-1.44776	-4.11495
38.5	122	-1.96442	-4.30495
38.25	122	-2.27776	-4.16828
38	122	-2.07442	-4.42828
37.75	122	-0.804424	-4.60161
37.5	122	0.87891	-3.61161
37.25	122	1.27224	-2.38161
40.25	122.25	-0.0577569	-1.53161
40	122.25	0.56891	-2.27828
39.75	122.25	1.02224	-2.62161
39.5	122.25	1.06891	-3.24161
39.25	122.25	0.452243	-4.35495
39	122.25	-0.674424	-5.31161
38.75	122.25	-1.28442	-5.67161
38.5	122.25	-1.48442	-5.62495
38.25	122.25	-1.78442	-5.41828
38	122.25	-1.95109	-5.34828
37.75	122.25	-1.05442	-5.35161
37.5	122.25	1.08224	-4.48161
37.25	122.25	2.02891	-3.07495
