40.25	117.25	-2.57659	-0.781074
40	117.25	-4.77659	-1.20441
39.75	117.25	-6.56992	-0.764407
39.5	117.25	-5.04325	0.182259
39.25	117.25	-1.49992	1.67226
39	117.25	0.953414	3.06893
38.75	117.25	1.75008	4.16559
38.5	117.25	2.47675	4.91559
38.25	117.25	2.88008	4.67893
38	117.25	2.84341	3.88226
37.75	117.25	2.68341	3.77226
37.5	117.25	2.47341	3.50893
37.25	117.25	2.07341	2.18893
40.25	117.5	-1.87659	-1.19774
40	117.5	-4.41325	-1.63441
39.75	117.5	-6.50992	-1.04774
39.5	117.5	-5.36325	0.0955927
39.25	117.5	-1.77325	2.00226
39	117.5	1.06675	3.55226
38.75	117.5	2.13008	4.52893
38.5	117.5	2.64341	4.96226
38.25	117.5	2.82675	4.37559
38	117.5	2.47341	3.44893
37.75	117.5	2.09008	3.23226
37.5	117.5	1.77008	2.71559
37.25	117.5	1.44008	1.27893
40.25	117.75	-1.62992	-1.89441
40	117.75	-3.64659	-1.68107
39.75	117.75	-6.23992	-1.29441
39.5	117.75	-5.57992	-0.0210739
39.25	117.75	-2.25992	2.59559
39	117.75	0.800081	4.93559
38.75	117.75	2.03008	5.71226
38.5	117.75	2.45341	5.60226
38.25	117.75	2.41008	4.63226
38	117.75	1.84341	3.58893
37.75	117.75	1.43008	3.15893
37.5	117.75	1.32675	2.37893
37.25	117.75	1.26341	0.955594
40.25	118	-1.84325	-1.89441
40	118	-3.33992	-1.53441
39.75	118	-5.77659	-1.47107
39.5	118	-5.65325	-0.241074
39.25	118	-2.91992	2.87226
39	118	-0.0365857	5.79893
38.75	118	1.10341	6.44893
38.5	118	1.52675	5.95893
38.25	118	1.49008	5.08559
38	118	1.05675	3.97559
37.75	118	0.873414	3.25559
37.5	118	0.966747	2.36226
37.25	118	1.17341	1.09893
40.25	118.25	-1.89992	-1.60441
40	118.25	-2.68659	-1.30441
39.75	118.25	-5.14659	-1.63774
39.5	118.25	-5.55325	-0.674407
39.25	118.25	-3.42325	2.42893
39	118.25	-1.10325	5.81559
38.75	118.25	-0.183252	6.51559
38.5	118.25	0.273414	5.94893
38.25	118.25	0.523414	5.15559
38	118.25	0.453414	3.95559
37.75	118.25	0.533414	3.16893
37.5	118.25	0.71008	2.35893
37.25	118.25	0.893414	1.53893
40.25	118.5	-1.95325	-1.74107
40	118.5	-2.63325	-1.55441
39.75	118.5	-4.61992	-1.75774
39.5	118.5	-5.19992	-0.941073
39.25	118.5	-3.65325	1.98893
39	118.5	-2.05325	5.45226
38.75	118.5	-1.32659	6.33893
38.5	118.5	-0.769919	5.81226
38.25	118.5	-0.216586	4.99893
38	118.5	0.0834143	3.79226
37.75	118.5	0.336748	3.02226
37.5	118.5	0.460081	2.46226
37.25	118.5	0.460081	2.18559
40.25	118.75	-1.62659	-1.53107
40	118.75	-3.00992	-1.73107
39.75	118.75	-4.41659	-1.78441
39.5	118.75	-4.74659	-0.841075
39.25	118.75	-3.71325	1.90559
39	118.75	-2.79992	5.11893
38.75	118.75	-2.25325	6.10226
38.5	118.75	-1.55325	5.74893
38.25	118.75	-0.783252	4.90559
38	118.75	-0.246586	3.66226
37.75	118.75	0.0967477	3.14559
37.5	118.75	0.190081	3.03893
37.25	118.75	0.100081	3.08893
40.25	119	-1.88325	-0.911075
40	119	-3.26325	-1.73107
39.75	119	-4.05659	-1.65441
39.5	119	-4.34992	-0.357741
39.25	119	-3.88659	2.19226
39	119	-3.63325	4.65893
38.75	119	-3.19659	5.57226
38.5	119	-2.41992	5.57559
38.25	119	-1.52992	5.00893
38	119	-0.669919	4.22226
37.75	119	-0.0932523	3.78226
37.5	119	0.0767477	4.12226
37.25	119	-0.129919	4.09226
40.25	119.25	-1.80659	-0.557741
40	119.25	-2.89659	-1.89441
39.75	119.25	-3.79992	-1.41107
39.5	119.25	-4.47659	0.672259
39.25	119.25	-4.51325	2.81559
39	119.25	-4.39659	4.03226
38.75	119.25	-4.03659	4.65226
38.5	119.25	-3.27659	4.99226
38.25	119.25	-2.23325	4.92226
38	119.25	-1.23659	4.54559
37.75	119.25	-0.363252	4.43559
37.5	119.25	-0.00658567	4.65226
37.25	119.25	-0.386586	4.63226
40.25	119.5	-0.589919	-0.724408
40	119.5	-2.07992	-2.17774
39.75	119.5	-4.10992	-0.964408
39.5	119.5	-4.81992	1.92893
39.25	119.5	-4.95992	3.35559
39	119.5	-5.02325	3.46226
38.75	119.5	-4.58659	3.64893
38.5	119.5	-3.70992	4.13559
38.25	119.5	-2.72659	4.36559
38	119.5	-1.55992	4.36226
37.75	119.5	-0.489919	4.29226
37.5	119.5	-0.169919	4.49226
37.25	119.5	-0.786586	4.52226
40.25	119.75	0.510081	-1.26107
40	119.75	-1.47325	-2.26441
39.75	119.75	-3.83659	-0.244407
39.5	119.75	-4.62325	2.78893
39.25	119.75	-5.16325	3.65559
39	119.75	-5.39325	3.10893
38.75	119.75	-4.86992	2.99893
38.5	119.75	-3.98992	3.34893
38.25	119.75	-2.85325	3.62226
38	119.75	-1.62325	3.69893
37.75	119.75	-0.643252	3.80893
37.5	119.75	-0.616586	4.01559
37.25	119.75	-1.28659	3.85559
40.25	120	0.613414	-1.85441
40	120	-1.40659	-2.81774
39.75	120	-3.24659	-0.0844074
39.5	120	-4.29992	2.87893
39.25	120	-5.15659	3.36893
39	120	-5.46325	2.74559
38.75	120	-5.06992	2.53226
38.5	120	-4.27992	2.69226
38.25	120	-3.05325	2.81226
38	120	-1.70992	2.99893
37.75	120	-0.893252	3.22559
37.5	120	-1.12659	3.47893
37.25	120	-1.33992	2.75226
40.25	120.25	0.240081	-2.35774
40	120.25	-1.33325	-3.02441
39.75	120.25	-2.82992	-0.484407
39.5	120.25	-3.91659	2.10226
39.25	120.25	-4.96325	2.39893
39	120.25	-5.45325	1.98226
38.75	120.25	-5.25659	2.02559
38.5	120.25	-4.67325	2.17559
38.25	120.25	-3.59325	2.12893
38	120.25	-2.02659	2.34226
37.75	120.25	-1.09659	2.72893
37.5	120.25	-1.22659	2.46893
37.25	120.25	-1.15659	1.56559
40.25	120.5	-0.019919	-2.80107
40	120.5	-1.45325	-3.00774
39.75	120.5	-2.64659	-0.907741
39.5	120.5	-3.59325	0.875593
39.25	120.5	-4.50992	1.02893
39	120.5	-5.08325	0.812259
38.75	120.5	-5.25659	1.06226
38.5	120.5	-5.05325	1.30559
38.25	120.5	-4.16659	1.50226
38	120.5	-2.45325	1.85893
37.75	120.5	-1.10659	2.24226
37.5	120.5	-0.899919	1.58226
37.25	120.5	-1.06992	0.645593
40.25	120.75	-0.519919	-3.13774
40	120.75	-1.83659	-2.75441
39.75	120.75	-2.67325	-1.11441
39.5	120.75	-3.26992	-0.0477407
39.25	120.75	-3.93325	-0.294407
39	120.75	-4.49325	-0.434407
38.75	120.75	-4.87325	-0.147741
38.5	120.75	-5.11992	0.175593
38.25	120.75	-4.59659	0.615593
38	120.75	-2.92659	1.35226
37.75	120.75	-0.816586	1.68559
37.5	120.75	-0.279919	1.19893
37.25	120.75	-0.739919	0.175593
40.25	121	-1.03992	-3.49107
40	121	-2.18659	-2.52441
39.75	121	-2.60659	-0.914407
39.5	121	-2.78659	-0.347741
39.25	121	-3.15659	-0.947741
39	121	-3.59659	-1.33107
38.75	121	-4.05992	-1.20774
38.5	121	-4.64992	-1.12441
38.25	121	-4.71992	-0.567741
38	121	-3.41659	0.458926
37.75	121	-0.88992	1.33559
37.5	121	0.320081	1.05559
37.25	121	-0.099919	0.0522591
40.25	121.25	-1.28992	-3.59107
40	121.25	-2.29659	-1.85774
39.75	121.25	-2.25325	-0.411074
39.5	121.25	-1.98325	-0.354407
39.25	121.25	-2.17325	-1.14441
39	121.25	-2.48659	-1.74107
38.75	121.25	-2.95992	-2.01107
38.5	121.25	-3.88992	-2.29441
38.25	121.25	-4.46325	-2.01441
38	121.25	-3.78325	-0.854407
37.75	121.25	-1.51659	0.538926
37.5	121.25	0.390081	0.888926
37.25	121.25	0.473414	-0.0344074
40.25	121.5	-1.44992	-3.22774
40	121.5	-2.00659	-1.24774
39.75	121.5	-1.42325	-0.167741
39.5	121.5	-0.909919	-0.411074
39.25	121.5	-1.08325	-1.24774
39	121.5	-1.30325	-1.92441
38.75	121.5	-2.06659	-2.71107
38.5	121.5	-3.04325	-3.26107
38.25	121.5	-3.71659	-3.29441
38	121.5	-3.71659	-2.50441
37.75	121.5	-2.28992	-0.874407
37.5	121.5	-0.236586	0.358926
37.25	121.5	0.553414	-0.401074
40.25	121.75	-1.33659	-2.14441
40	121.75	-1.49659	-0.744407
39.75	121.75	-0.639919	-0.457741
39.5	121.75	0.00674767	-0.871074
39.25	121.75	-0.0265857	-1.47774
39	121.75	-0.526586	-2.41774
38.75	121.75	-1.38659	-3.44774
38.5	121.75	-2.13992	-3.97774
38.25	121.75	-2.80659	-4.27441
38	121.75	-3.21992	-3.97107
37.75	121.75	-2.68992	-2.49107
37.5	121.75	-0.88992	-0.734407
37.25	121.75	0.313414	-0.927739
40.25	122	-1.22659	-0.997739
40	122	-0.823252	-0.734407
39.75	122	0.250081	-1.15441
39.5	122	0.850081	-1.62107
39.25	122	0.856748	-2.11774
39	122	0.126748	-3.02107
38.75	122	-0.839919	-4.07441
38.5	122	-1.42659	-4.65774
38.25	122	-1.82992	-5.03441
38	122	-2.34659	-5.11774
37.75	122	-2.41659	-4.00441
37.5	122	-1.22325	-2.10774
37.25	122	0.143414	-1.59441
40.25	122.25	-0.603252	-0.447741
40	122.25	0.276748	-1.35441
39.75	122.25	1.17341	-1.81774
39.5	122.25	1.61341	-2.34774
39.25	122.25	1.49341	-3.10107
39	122.25	0.500081	-3.94441
38.75	122.25	-0.359919	-4.66774
38.5	122.25	-0.759919	-5.23441
38.25	122.25	-1.04992	-5.61441
38	122.25	-1.53325	-5.81441
37.75	122.25	-1.82659	-5.22774
37.5	122.25	-1.24992	-3.76441
37.25	122.25	-0.0365856	-2.58441
