40.25	117.25	0.172506	2.24979
40	117.25	0.605839	0.91646
39.75	117.25	3.43917	0.783128
39.5	117.25	5.70584	1.61646
39.25	117.25	5.93917	2.31646
39	117.25	5.53917	2.91646
38.75	117.25	5.53917	3.31646
38.5	117.25	5.03917	3.24979
38.25	117.25	4.2725	3.21646
38	117.25	3.20584	3.48313
37.75	117.25	2.23917	3.74979
37.5	117.25	1.53917	3.54979
37.25	117.25	1.1725	2.91646
40.25	117.5	-0.0274943	1.94979
40	117.5	0.372506	0.283128
39.75	117.5	3.2725	0.383128
39.5	117.5	5.33917	1.74979
39.25	117.5	5.10584	2.94979
39	117.5	4.10584	3.28313
38.75	117.5	3.80584	3.38313
38.5	117.5	4.40584	3.11646
38.25	117.5	4.40584	3.04979
38	117.5	3.40584	3.41646
37.75	117.5	2.0725	3.51646
37.5	117.5	1.20584	3.01646
37.25	117.5	0.605839	2.41646
40.25	117.75	-0.327494	1.98313
40	117.75	0.372506	-0.0835389
39.75	117.75	2.8725	0.483128
39.5	117.75	3.9725	2.64979
39.25	117.75	2.4725	4.51646
39	117.75	0.0391723	5.34979
38.75	117.75	0.305839	4.58313
38.5	117.75	2.10584	3.31646
38.25	117.75	3.8725	2.94979
38	117.75	3.43917	3.24979
37.75	117.75	2.2725	3.18313
37.5	117.75	1.20584	2.48313
37.25	117.75	0.405839	1.98313
40.25	118	-0.094161	2.11646
40	118	1.10584	0.083128
39.75	118	2.8725	1.21646
39.5	118	2.8725	3.71646
39.25	118	-0.0608275	6.14979
39	118	-2.89416	6.91646
38.75	118	-2.46083	5.24979
38.5	118	-0.527495	3.08313
38.25	118	1.8725	2.11646
38	118	3.4725	2.71646
37.75	118	2.6725	2.58313
37.5	118	1.50584	1.98313
37.25	118	0.339172	1.74979
40.25	118.25	0.272506	2.21646
40	118.25	1.4725	0.816461
39.75	118.25	3.10584	2.01646
39.5	118.25	2.8725	4.01646
39.25	118.25	0.305839	5.94979
39	118.25	-2.5275	6.58313
38.75	118.25	-3.06083	4.61646
38.5	118.25	-2.3275	2.08313
38.25	118.25	0.172506	0.683128
38	118.25	3.13917	1.48313
37.75	118.25	2.9725	1.81646
37.5	118.25	1.80584	1.64979
37.25	118.25	0.339172	1.91646
40.25	118.5	-0.094161	2.78313
40	118.5	0.405839	1.84979
39.75	118.5	2.63917	2.58313
39.5	118.5	3.2725	3.74979
39.25	118.5	1.70584	4.88313
39	118.5	-0.794161	5.44979
38.75	118.5	-2.29416	3.61646
38.5	118.5	-3.0275	1.34979
38.25	118.5	-1.26083	-0.150205
38	118.5	2.30584	0.683128
37.75	118.5	2.63917	1.34979
37.5	118.5	1.4725	1.71646
37.25	118.5	0.105839	2.41646
40.25	118.75	-1.26083	3.68313
40	118.75	-1.89416	2.88313
39.75	118.75	0.705839	2.98313
39.5	118.75	2.73917	3.68313
39.25	118.75	2.43917	4.64979
39	118.75	0.572506	5.01646
38.75	118.75	-1.3275	3.61646
38.5	118.75	-2.99416	2.18313
38.25	118.75	-2.39416	1.21646
38	118.75	0.539172	1.61646
37.75	118.75	1.00584	2.28313
37.5	118.75	0.372506	2.71646
37.25	118.75	-0.227494	3.18313
40.25	119	-2.26083	4.34979
40	119	-3.76083	3.51646
39.75	119	-1.69416	3.48313
39.5	119	1.23917	4.44979
39.25	119	2.1725	5.24979
39	119	1.30584	5.38313
38.75	119	-0.427494	4.38313
38.5	119	-2.4275	4.14979
38.25	119	-3.16083	4.04979
38	119	-2.1275	4.01646
37.75	119	-1.69416	4.08313
37.5	119	-2.09416	3.91646
37.25	119	-1.1275	3.68313
40.25	119.25	-1.76083	4.64979
40	119.25	-3.4275	3.71646
39.75	119.25	-2.96083	4.64979
39.5	119.25	-0.560828	5.91646
39.25	119.25	1.2725	6.61646
39	119.25	1.50584	5.94979
38.75	119.25	0.305839	5.34979
38.5	119.25	-1.3275	5.81646
38.25	119.25	-2.49416	6.21646
38	119.25	-2.99416	6.08313
37.75	119.25	-3.39416	5.31646
37.5	119.25	-3.19416	4.04979
37.25	119.25	-1.76083	3.34979
40.25	119.5	-0.160828	4.24979
40	119.5	-2.1275	4.31646
39.75	119.5	-3.06083	5.94979
39.5	119.5	-1.46083	7.18313
39.25	119.5	0.472506	7.24979
39	119.5	1.10584	6.41646
38.75	119.5	0.572506	6.01646
38.5	119.5	-0.294161	6.31646
38.25	119.5	-0.960829	6.48313
38	119.5	-1.46083	5.98313
37.75	119.5	-1.9275	4.51646
37.5	119.5	-1.9275	2.74979
37.25	119.5	-1.09416	2.31646
40.25	119.75	0.905838	5.04979
40	119.75	-0.860828	5.24979
39.75	119.75	-2.06083	6.38313
39.5	119.75	-1.46083	7.18313
39.25	119.75	-0.294161	7.18313
39	119.75	0.172506	6.58313
38.75	119.75	0.105839	6.21646
38.5	119.75	0.0725058	6.01646
38.25	119.75	0.105839	5.44979
38	119.75	0.339172	4.18313
37.75	119.75	0.405839	2.31646
37.5	119.75	0.339172	0.849794
37.25	119.75	0.172506	1.18313
40.25	120	1.20584	5.78313
40	120	0.0725056	6.08313
39.75	120	-1.16083	6.04979
39.5	120	-1.36083	6.48313
39.25	120	-0.994162	6.74979
39	120	-0.827494	6.54979
38.75	120	-0.794161	6.28313
38.5	120	-0.727494	5.64979
38.25	120	-0.260828	4.34979
38	120	0.705839	2.24979
37.75	120	1.80584	0.083128
37.5	120	2.03917	-0.750205
37.25	120	1.23917	0.683128
40.25	120.25	0.939171	6.04979
40	120.25	0.405839	5.94979
39.75	120.25	-0.727494	5.48313
39.5	120.25	-1.4275	5.74979
39.25	120.25	-1.46083	6.21646
39	120.25	-1.56083	6.38313
38.75	120.25	-1.86083	6.21646
38.5	120.25	-2.16083	5.44979
38.25	120.25	-2.1275	3.88313
38	120.25	-0.960828	1.48313
37.75	120.25	1.20584	-0.750205
37.5	120.25	2.1725	-0.916872
37.25	120.25	1.43917	0.483128
40.25	120.5	0.0725056	6.04979
40	120.5	0.105839	5.34979
39.75	120.5	-0.594161	4.78313
39.5	120.5	-1.16083	5.01646
39.25	120.5	-1.36083	5.44979
39	120.5	-1.7275	5.81646
38.75	120.5	-2.4275	5.88313
38.5	120.5	-3.36083	5.28313
38.25	120.5	-4.09416	3.94979
38	120.5	-3.39416	1.78313
37.75	120.5	-0.827494	-0.0835389
37.5	120.5	1.03917	-0.416872
37.25	120.5	1.03917	0.849795
40.25	120.75	-1.0275	5.21646
40	120.75	-0.494161	4.21646
39.75	120.75	-0.460828	3.81646
39.5	120.75	-0.560828	4.01646
39.25	120.75	-0.760828	4.48313
39	120.75	-1.3275	4.98313
38.75	120.75	-2.3275	5.24979
38.5	120.75	-3.69416	4.91646
38.25	120.75	-4.99416	3.98313
38	120.75	-5.19416	2.58313
37.75	120.75	-3.06083	0.983125
37.5	120.75	-0.994162	0.283128
37.25	120.75	-0.0608276	1.24979
40.25	121	-1.7275	3.48313
40	121	-0.894161	2.31646
39.75	121	-0.127494	2.14979
39.5	121	0.505839	2.61646
39.25	121	0.372506	3.21646
39	121	-0.494161	3.91646
38.75	121	-1.76083	4.44979
38.5	121	-3.09416	4.34979
38.25	121	-4.4275	3.74979
38	121	-5.36083	2.94979
37.75	121	-4.7275	1.68313
37.5	121	-2.96083	0.649795
37.25	121	-1.46083	1.14979
40.25	121.25	-1.59416	1.21646
40	121.25	-0.994162	-0.0168721
39.75	121.25	0.405839	0.149795
39.5	121.25	1.5725	1.04979
39.25	121.25	1.60584	1.98313
39	121.25	0.339172	2.88313
38.75	121.25	-1.19416	3.61646
38.5	121.25	-2.3275	3.61646
38.25	121.25	-3.29416	3.01646
38	121.25	-4.39416	2.68313
37.75	121.25	-4.96083	1.68313
37.5	121.25	-3.59416	0.483128
37.25	121.25	-2.36083	0.449795
40.25	121.5	-0.494161	-0.250205
40	121.5	-0.527494	-1.68354
39.75	121.5	0.905839	-1.25021
39.5	121.5	2.10584	-0.0502056
39.25	121.5	2.23917	1.18313
39	121.5	0.605839	2.28313
38.75	121.5	-1.06083	3.48313
38.5	121.5	-1.96083	2.84979
38.25	121.5	-2.4275	1.98313
38	121.5	-3.1275	1.84979
37.75	121.5	-3.9275	1.24979
37.5	121.5	-3.6275	-0.150205
37.25	121.5	-2.36083	-0.450205
40.25	121.75	0.905838	-0.850204
40	121.75	0.239172	-2.21687
39.75	121.75	1.10584	-1.98354
39.5	121.75	2.10584	-0.816872
39.25	121.75	1.93917	1.01646
39	121.75	0.372506	2.81646
38.75	121.75	-1.3275	3.61646
38.5	121.75	-1.89416	2.01646
38.25	121.75	-2.06083	0.816461
38	121.75	-2.3275	0.883128
37.75	121.75	-2.8275	0.583128
37.5	121.75	-2.79416	-0.616872
37.25	121.75	-2.1275	-1.15021
40.25	122	1.6725	-0.883539
40	122	0.905839	-2.25021
39.75	122	1.3725	-2.41687
39.5	122	1.73917	-0.916872
39.25	122	1.00584	1.68313
39	122	-0.294161	3.61646
38.75	122	-1.3275	3.28313
38.5	122	-1.86083	1.01646
38.25	122	-1.96083	-0.283539
38	122	-1.99416	-0.116872
37.75	122	-2.26083	-0.0835387
37.5	122	-2.26083	-0.98354
37.25	122	-2.0275	-1.68354
40.25	122.25	1.43917	-1.18354
40	122.25	1.30584	-2.38354
39.75	122.25	1.53917	-2.28354
39.5	122.25	1.13917	0.0497944
39.25	122.25	-0.0274943	3.18313
39	122.25	-0.760828	3.91646
38.75	122.25	-1.2275	2.28313
38.5	122.25	-1.6275	-0.0502055
38.25	122.25	-1.86083	-1.18354
38	122.25	-1.86083	-1.11687
37.75	122.25	-1.96083	-0.98354
37.5	122.25	-2.06083	-1.55021
37.25	122.25	-2.06083	-2.15021
