40.25	117.25	-2.04399	-0.441387
40	117.25	-3.11066	-1.17472
39.75	117.25	-1.47732	-0.27472
39.5	117.25	2.55601	1.89195
39.25	117.25	4.62268	3.79195
39	117.25	4.58934	3.99195
38.75	117.25	4.12268	3.89195
38.5	117.25	3.85601	4.39195
38.25	117.25	3.78934	4.65861
38	117.25	4.12268	3.79195
37.75	117.25	4.35601	2.45861
37.5	117.25	4.45601	1.55861
37.25	117.25	4.35601	1.79195
40.25	117.5	-1.14399	-0.641387
40	117.5	-3.01066	-1.74139
39.75	117.5	-2.24399	-0.974719
39.5	117.5	1.68934	1.25861
39.25	117.5	4.52268	3.02528
39	117.5	4.92268	3.29195
38.75	117.5	4.55601	3.62528
38.5	117.5	4.08934	4.59195
38.25	117.5	3.65601	4.79195
38	117.5	3.28934	3.62528
37.75	117.5	2.78934	2.19195
37.5	117.5	2.65601	1.45861
37.25	117.5	3.05601	1.85861
40.25	117.75	-1.21066	-0.408054
40	117.75	-2.97732	-1.20805
39.75	117.75	-2.64399	-0.141387
39.5	117.75	0.822676	2.29195
39.25	117.75	3.58934	3.79195
39	117.75	4.65601	4.12528
38.75	117.75	4.95601	4.39195
38.5	117.75	4.75601	4.99195
38.25	117.75	4.05601	4.82528
38	117.75	2.82268	3.75861
37.75	117.75	1.15601	2.82528
37.5	117.75	0.389341	2.72528
37.25	117.75	1.05601	3.25861
40.25	118	-2.04399	0.158613
40	118	-3.21066	-0.408054
39.75	118	-2.44399	1.32528
39.5	118	0.222675	4.12528
39.25	118	2.22268	5.79195
39	118	3.22268	6.02528
38.75	118	4.05601	5.62528
38.5	118	4.38934	5.15861
38.25	118	4.12268	4.45861
38	118	2.65601	3.75861
37.75	118	0.289341	3.89195
37.5	118	-1.21066	4.59195
37.25	118	-0.643992	5.12528
40.25	118.25	-2.41066	0.391946
40	118.25	-3.04399	0.058613
39.75	118.25	-2.34399	1.92528
39.5	118.25	-0.143992	4.95861
39.25	118.25	1.05601	6.92528
39	118.25	1.48934	7.72528
38.75	118.25	1.95601	7.02528
38.5	118.25	2.35601	5.59195
38.25	118.25	2.48934	4.19195
38	118.25	1.72268	3.69195
37.75	118.25	0.0893414	4.69195
37.5	118.25	-1.34399	5.89195
37.25	118.25	-1.37732	6.29195
40.25	118.5	-2.54399	0.291946
40	118.5	-3.37732	0.0919463
39.75	118.5	-2.74399	1.62528
39.5	118.5	-0.743992	4.45861
39.25	118.5	0.322675	6.85861
39	118.5	0.289341	8.79195
38.75	118.5	-0.043992	8.52528
38.5	118.5	-0.410659	6.95861
38.25	118.5	-0.177325	5.29195
38	118.5	0.256008	4.72528
37.75	118.5	0.0893414	5.45861
37.5	118.5	-0.643992	6.49195
37.25	118.5	-1.37732	6.62528
40.25	118.75	-2.24399	0.391946
40	118.75	-4.54399	0.0252796
39.75	118.75	-3.64399	1.12528
39.5	118.75	-1.57732	3.62528
39.25	118.75	-0.377325	6.55861
39	118.75	-0.177325	9.22529
38.75	118.75	-0.677325	9.79194
38.5	118.75	-1.57732	8.85861
38.25	118.75	-1.71066	7.39195
38	118.75	-0.743992	6.25861
37.75	118.75	0.056008	6.62528
37.5	118.75	-0.143992	7.09195
37.25	118.75	-1.04399	6.72528
40.25	119	-2.44399	0.72528
40	119	-4.57732	0.058613
39.75	119	-3.47732	0.991948
39.5	119	-2.14399	3.49195
39.25	119	-0.977325	6.45861
39	119	-0.277325	9.29196
38.75	119	-0.310659	10.3253
38.5	119	-1.11066	10.1586
38.25	119	-1.54399	9.32528
38	119	-0.843992	8.19195
37.75	119	0.056008	7.79195
37.5	119	0.056008	7.99195
37.25	119	-0.777325	7.22528
40.25	119.25	-2.24399	1.09195
40	119.25	-3.27732	0.32528
39.75	119.25	-2.77732	1.69195
39.5	119.25	-2.31066	4.45861
39.25	119.25	-1.77732	7.02528
39	119.25	-0.877325	8.75861
38.75	119.25	-0.177325	9.69194
38.5	119.25	-0.277325	9.95861
38.25	119.25	-0.710659	9.55861
38	119.25	-0.610659	8.72528
37.75	119.25	-0.0773254	8.25861
37.5	119.25	-0.0773255	8.02528
37.25	119.25	-0.710659	7.39195
40.25	119.5	-1.04399	1.52528
40	119.5	-2.07732	1.35861
39.75	119.5	-2.57732	3.49195
39.5	119.5	-2.47732	5.89195
39.25	119.5	-2.51066	7.19195
39	119.5	-1.91066	7.82528
38.75	119.5	-0.910658	8.39195
38.5	119.5	-0.410659	8.69195
38.25	119.5	-0.643992	8.29195
38	119.5	-0.877325	7.32528
37.75	119.5	-0.710659	6.89195
37.5	119.5	-0.577325	7.12528
37.25	119.5	-0.843992	7.05861
40.25	119.75	0.156008	2.32528
40	119.75	-1.21066	2.92528
39.75	119.75	-2.14399	4.92528
39.5	119.75	-2.51066	6.49195
39.25	119.75	-2.97732	7.09195
39	119.75	-2.87732	7.15861
38.75	119.75	-2.17732	7.22528
38.5	119.75	-1.61066	7.32528
38.25	119.75	-1.64399	6.69195
38	119.75	-1.91066	5.35861
37.75	119.75	-1.74399	4.89195
37.5	119.75	-1.27732	5.62528
37.25	119.75	-1.14399	6.09195
40.25	120	0.589341	3.52528
40	120	-0.743992	4.72528
39.75	120	-1.84399	5.72528
39.5	120	-2.51066	6.65861
39.25	120	-3.04399	6.99195
39	120	-3.27732	6.99195
38.75	120	-3.17732	6.89195
38.5	120	-2.91066	6.75861
38.25	120	-3.11066	5.85861
38	120	-3.31066	4.19195
37.75	120	-2.77732	3.59195
37.5	120	-1.87732	4.49195
37.25	120	-1.21066	4.72528
40.25	120.25	0.556008	4.59195
40	120.25	-0.543992	5.59195
39.75	120.25	-1.64399	6.19195
39.5	120.25	-2.34399	6.72528
39.25	120.25	-2.91066	6.95861
39	120.25	-3.31066	7.02528
38.75	120.25	-3.61066	7.02528
38.5	120.25	-3.84399	6.89195
38.25	120.25	-4.34399	5.99195
38	120.25	-4.41066	4.42528
37.75	120.25	-3.34399	3.52528
37.5	120.25	-1.64399	3.95861
37.25	120.25	-0.977325	4.52528
40.25	120.5	0.322675	5.29195
40	120.5	-0.577325	5.82528
39.75	120.5	-1.41066	6.19195
39.5	120.5	-1.91066	6.62528
39.25	120.5	-2.51066	6.89195
39	120.5	-3.21066	6.99195
38.75	120.5	-3.71066	7.02528
38.5	120.5	-4.27732	7.09195
38.25	120.5	-5.04399	6.45861
38	120.5	-5.07732	5.12528
37.75	120.5	-3.27732	3.95861
37.5	120.5	-1.01066	3.45861
37.25	120.5	-0.543992	4.45861
40.25	120.75	-0.0439921	5.45861
40	120.75	-0.777325	5.39195
39.75	120.75	-1.07732	5.52528
39.5	120.75	-1.31066	5.99195
39.25	120.75	-2.01066	6.45861
39	120.75	-2.97732	6.59195
38.75	120.75	-3.67732	6.65861
38.5	120.75	-4.34399	6.85861
38.25	120.75	-5.14399	6.62528
38	120.75	-5.17732	5.65861
37.75	120.75	-3.01066	4.12528
37.5	120.75	-0.610659	3.49195
37.25	120.75	-0.143992	3.82528
40.25	121	-0.610659	4.89195
40	121	-1.14399	4.25861
39.75	121	-1.11066	3.95861
39.5	121	-0.877325	4.45861
39.25	121	-1.34399	5.35861
39	121	-2.41066	5.69195
38.75	121	-3.37732	5.79195
38.5	121	-3.97732	6.15861
38.25	121	-4.71066	6.25861
38	121	-5.01066	5.72528
37.75	121	-3.34399	4.62528
37.5	121	-0.677325	3.49195
37.25	121	0.156008	3.29195
40.25	121.25	-1.27732	3.82528
40	121.25	-1.81066	2.62528
39.75	121.25	-1.51066	1.82528
39.5	121.25	-0.777325	2.29195
39.25	121.25	-0.710659	3.79195
39	121.25	-1.57732	4.42528
38.75	121.25	-2.61066	4.69195
38.5	121.25	-3.37732	5.35861
38.25	121.25	-4.04399	5.52528
38	121.25	-4.71066	5.29195
37.75	121.25	-3.77732	4.75861
37.5	121.25	-1.21066	3.69195
37.25	121.25	0.0226747	3.05861
40.25	121.5	-1.51066	2.82528
40	121.5	-2.31066	1.35861
39.75	121.5	-2.01066	0.22528
39.5	121.5	-0.843992	0.558613
39.25	121.5	-0.143992	2.42528
39	121.5	-0.577325	3.55861
38.75	121.5	-1.81066	4.29195
38.5	121.5	-2.81066	4.69195
38.25	121.5	-3.51066	4.65861
38	121.5	-4.27732	4.45861
37.75	121.5	-3.94399	4.32528
37.5	121.5	-2.07732	3.92528
37.25	121.5	-0.510659	2.82528
40.25	121.75	-1.34399	2.19195
40	121.75	-2.31066	0.758613
39.75	121.75	-2.04399	-0.441387
39.5	121.75	-0.643992	-0.0413869
39.25	121.75	0.522675	1.95861
39	121.75	0.289341	3.69195
38.75	121.75	-1.07732	4.52528
38.5	121.75	-2.24399	4.32528
38.25	121.75	-3.01066	3.92528
38	121.75	-3.74399	3.59195
37.75	121.75	-3.77732	3.55861
37.5	121.75	-2.34399	3.19195
37.25	121.75	-1.04399	2.02528
40.25	122	-1.07732	1.72528
40	122	-1.71066	0.12528
39.75	122	-1.37732	-0.57472
39.5	122	0.156008	0.358613
39.25	122	1.45601	2.55861
39	122	1.18934	4.29195
38.75	122	-0.210659	4.65861
38.5	122	-1.47732	3.92528
38.25	122	-2.41066	3.32528
38	122	-3.14399	2.85861
37.75	122	-3.37732	2.75861
37.5	122	-2.37732	2.35861
37.25	122	-1.61066	1.29195
40.25	122.25	-0.743992	1.05861
40	122.25	-1.01066	-0.508054
39.75	122.25	-0.243992	-0.508054
39.5	122.25	1.38934	1.35861
39.25	122.25	2.55601	3.59195
39	122.25	2.02268	4.52528
38.75	122.25	0.556008	4.15861
38.5	122.25	-0.677325	3.42528
38.25	122.25	-1.57732	2.82528
38	122.25	-2.41066	2.25861
37.75	122.25	-2.74399	1.92528
37.5	122.25	-2.21066	1.42528
37.25	122.25	-1.77732	0.391946
