40.25	117.25	-2.57142	0.335168
40	117.25	-2.90476	1.23517
39.75	117.25	0.328577	2.60183
39.5	117.25	4.19524	3.53517
39.25	117.25	5.16191	4.60183
39	117.25	4.89524	5.03517
38.75	117.25	4.89524	5.03517
38.5	117.25	5.26191	4.73517
38.25	117.25	5.39524	4.20183
38	117.25	5.36191	3.73517
37.75	117.25	5.06191	3.43517
37.5	117.25	4.59524	3.00183
37.25	117.25	3.86191	2.7685
40.25	117.5	-1.73809	-0.0981651
40	117.5	-3.10476	0.268502
39.75	117.5	-0.871423	1.2685
39.5	117.5	3.59524	2.20183
39.25	117.5	5.49524	3.60183
39	117.5	5.42858	4.43517
38.75	117.5	5.66191	4.53517
38.5	117.5	5.96191	4.20183
38.25	117.5	5.49524	3.50183
38	117.5	4.76191	3.03517
37.75	117.5	4.46191	2.7685
37.5	117.5	4.32858	2.3685
37.25	117.5	3.69524	2.0685
40.25	117.75	-1.67142	-0.164832
40	117.75	-3.50476	0.135168
39.75	117.75	-2.20476	0.7685
39.5	117.75	2.59524	1.3685
39.25	117.75	5.79524	3.0685
39	117.75	6.52858	4.5685
38.75	117.75	6.82858	4.63517
38.5	117.75	6.82858	4.0685
38.25	117.75	5.29524	3.63517
38	117.75	3.72858	3.43517
37.75	117.75	3.42858	3.23517
37.5	117.75	3.76191	2.73517
37.25	117.75	3.56191	2.30183
40.25	118	-2.27142	0.201835
40	118	-3.73809	0.368502
39.75	118	-3.53809	0.601835
39.5	118	1.12858	1.23517
39.25	118	5.72858	3.40183
39	118	7.29524	4.93517
38.75	118	7.39524	4.63517
38.5	118	6.66191	4.23517
38.25	118	4.56191	4.6685
38	118	2.59524	4.8685
37.75	118	2.29524	4.70183
37.5	118	3.06191	4.13517
37.25	118	3.16191	3.3685
40.25	118.25	-2.37142	0.368502
40	118.25	-3.60476	0.301835
39.75	118.25	-4.40476	0.335168
39.5	118.25	-0.638089	1.20183
39.25	118.25	4.62858	3.80183
39	118.25	6.92858	5.63517
38.75	118.25	6.42858	5.1685
38.5	118.25	5.26191	5.03517
38.25	118.25	3.32858	6.10183
38	118.25	1.62858	6.40183
37.75	118.25	1.49524	6.13517
37.5	118.25	2.12858	5.4685
37.25	118.25	2.29524	4.60183
40.25	118.5	-2.10476	0.401835
40	118.5	-3.30476	0.268502
39.75	118.5	-4.37142	0.168502
39.5	118.5	-2.23809	1.23517
39.25	118.5	3.02858	4.40183
39	118.5	5.52858	6.93517
38.75	118.5	4.59524	6.7685
38.5	118.5	3.36191	6.6685
38.25	118.5	2.26191	7.5685
38	118.5	1.39524	7.53517
37.75	118.5	1.09524	6.63517
37.5	118.5	1.49524	6.00183
37.25	118.5	1.42858	5.43517
40.25	118.75	-1.80476	0.701834
40	118.75	-3.90476	0.468502
39.75	118.75	-4.77142	0.335168
39.5	118.75	-2.97142	1.43517
39.25	118.75	1.46191	5.0685
39	118.75	3.96191	8.63517
38.75	118.75	3.36191	9.03517
38.5	118.75	2.52858	8.70183
38.25	118.75	2.16191	8.6685
38	118.75	1.59524	7.5685
37.75	118.75	1.19524	6.80183
37.5	118.75	1.19524	6.43517
37.25	118.75	0.961909	6.0685
40.25	119	-1.83809	1.33517
40	119	-3.60476	0.735167
39.75	119	-3.83809	0.635167
39.5	119	-2.97142	1.90183
39.25	119	0.295243	5.6685
39	119	2.86191	9.83517
38.75	119	3.16191	10.7352
38.5	119	2.86191	10.2018
38.25	119	2.76191	9.50183
38	119	2.19524	8.2685
37.75	119	1.56191	7.43517
37.5	119	1.29524	7.6685
37.25	119	0.928576	7.1685
40.25	119.25	-1.53809	1.8685
40	119.25	-2.27142	1.03517
39.75	119.25	-2.57142	1.5685
39.5	119.25	-2.83809	3.20183
39.25	119.25	-0.971422	6.40183
39	119.25	1.56191	9.80183
38.75	119.25	2.86191	11.0018
38.5	119.25	3.16191	10.5352
38.25	119.25	2.99524	9.70183
38	119.25	2.42858	8.8685
37.75	119.25	1.96191	8.5685
37.5	119.25	1.59524	8.73517
37.25	119.25	1.06191	8.23517
40.25	119.5	-0.171423	2.20183
40	119.5	-0.871423	2.03517
39.75	119.5	-2.07142	3.5685
39.5	119.5	-2.90476	5.03517
39.25	119.5	-2.30476	6.80183
39	119.5	-0.404756	8.93517
38.75	119.5	1.32858	9.93517
38.5	119.5	2.02858	9.70183
38.25	119.5	2.12858	9.13517
38	119.5	1.92858	8.83517
37.75	119.5	1.86191	9.0685
37.5	119.5	1.66191	9.33517
37.25	119.5	0.995242	8.6685
40.25	119.75	0.961909	2.6685
40	119.75	-0.00475667	3.63517
39.75	119.75	-1.43809	5.40183
39.5	119.75	-2.63809	6.3685
39.25	119.75	-3.00476	7.03517
39	119.75	-2.23809	7.90183
38.75	119.75	-1.07142	8.43517
38.5	119.75	-0.33809	8.2685
38.25	119.75	0.26191	8.0685
38	119.75	0.961909	8.3685
37.75	119.75	1.32858	8.9685
37.5	119.75	1.12858	9.0685
37.25	119.75	0.36191	7.90183
40.25	120	1.26191	3.60183
40	120	0.495244	5.60183
39.75	120	-0.83809	6.60183
39.5	120	-2.13809	7.00183
39.25	120	-2.83809	7.23517
39	120	-2.97142	7.5685
38.75	120	-2.73809	7.6685
38.5	120	-2.33809	7.3685
38.25	120	-1.17142	7.33517
38	120	0.128577	8.00183
37.75	120	0.728577	8.63517
37.5	120	0.228577	8.30183
37.25	120	-0.371423	6.0685
40.25	120.25	1.32858	4.90183
40	120.25	0.628577	6.6685
39.75	120.25	-0.53809	7.2685
39.5	120.25	-1.63809	7.3685
39.25	120.25	-2.40476	7.53517
39	120.25	-2.83809	7.73517
38.75	120.25	-3.27142	7.6685
38.5	120.25	-3.23809	7.30183
38.25	120.25	-1.97142	7.13517
38	120.25	-0.13809	7.63517
37.75	120.25	0.36191	7.9685
37.5	120.25	-0.404756	6.6685
37.25	120.25	-0.704756	5.00183
40.25	120.5	1.29524	6.03517
40	120.5	0.428577	7.13517
39.75	120.5	-0.471423	7.3685
39.5	120.5	-1.23809	7.50183
39.25	120.5	-1.93809	7.70183
39	120.5	-2.63809	7.90183
38.75	120.5	-3.30476	7.8685
38.5	120.5	-3.60476	7.5685
38.25	120.5	-2.47142	7.20183
38	120.5	-0.504756	7.30183
37.75	120.5	0.36191	6.90183
37.5	120.5	-0.104756	4.90183
37.25	120.5	-0.504757	4.2685
40.25	120.75	0.928576	6.63517
40	120.75	-0.00475667	6.93517
39.75	120.75	-0.671423	6.90183
39.5	120.75	-1.07142	7.0685
39.25	120.75	-1.63809	7.4685
39	120.75	-2.40476	7.6685
38.75	120.75	-3.27142	7.7685
38.5	120.75	-3.77142	7.63517
38.25	120.75	-3.07142	7.40183
38	120.75	-1.17142	7.1685
37.75	120.75	0.395243	5.70183
37.5	120.75	0.695243	4.53517
37.25	120.75	0.128577	3.53517
40.25	121	0.295243	6.4685
40	121	-0.571423	6.13517
39.75	121	-0.938089	5.80183
39.5	121	-1.03809	5.9685
39.25	121	-1.33809	6.4685
39	121	-2.03809	6.6685
38.75	121	-2.97142	6.90183
38.5	121	-3.60476	7.4685
38.25	121	-3.40476	7.5685
38	121	-1.93809	7.2685
37.75	121	-0.0047565	6.0685
37.5	121	0.928576	4.20183
37.25	121	0.66191	3.1685
40.25	121.25	-0.571423	5.6685
40	121.25	-1.17142	4.93517
39.75	121.25	-1.33809	4.2685
39.5	121.25	-1.10476	4.33517
39.25	121.25	-1.07142	5.10183
39	121.25	-1.40476	5.33517
38.75	121.25	-2.07142	5.80183
38.5	121.25	-2.97142	7.03517
38.25	121.25	-3.27142	7.60183
38	121.25	-2.53809	7.2685
37.75	121.25	-0.871423	6.20183
37.5	121.25	0.395243	4.03517
37.25	121.25	0.595243	2.8685
40.25	121.5	-1.13809	4.80183
40	121.5	-1.70476	4.03517
39.75	121.5	-1.63809	3.0685
39.5	121.5	-1.07142	2.8685
39.25	121.5	-0.604757	3.90183
39	121.5	-0.604756	4.20183
38.75	121.5	-1.23809	5.23517
38.5	121.5	-2.10476	6.53517
38.25	121.5	-2.70476	7.0685
38	121.5	-2.53809	6.83517
37.75	121.5	-1.63809	6.03517
37.5	121.5	-0.471423	4.6685
37.25	121.5	-0.03809	2.80183
40.25	121.75	-1.33809	4.10183
40	121.75	-1.93809	3.3685
39.75	121.75	-1.60476	2.33517
39.5	121.75	-0.671423	2.13517
39.25	121.75	0.028577	3.0685
39	121.75	0.0952436	4.03517
38.75	121.75	-0.571423	5.30183
38.5	121.75	-1.43809	6.03517
38.25	121.75	-1.97142	6.30183
38	121.75	-2.10476	6.00183
37.75	121.75	-1.67142	5.50183
37.5	121.75	-0.804757	4.20183
37.25	121.75	-0.33809	2.20183
40.25	122	-1.50476	3.30183
40	122	-1.70476	2.33517
39.75	122	-1.07142	1.5685
39.5	122	0.228577	1.80183
39.25	122	1.12858	3.03517
39	122	0.861909	4.43517
38.75	122	-0.0714233	5.2685
38.5	122	-0.904756	5.3685
38.25	122	-1.33809	5.33517
38	122	-1.53809	5.13517
37.75	122	-1.23809	4.6685
37.5	122	-0.53809	3.53517
37.25	122	-0.271423	1.70183
40.25	122.25	-1.37142	2.1685
40	122.25	-1.27142	1.20183
39.75	122.25	-0.171423	0.901833
39.5	122.25	1.42858	1.8685
39.25	122.25	2.26191	3.4685
39	122.25	1.56191	4.50183
38.75	122.25	0.36191	4.73517
38.5	122.25	-0.471423	4.63517
38.25	122.25	-0.971423	4.43517
38	122.25	-1.23809	4.10183
37.75	122.25	-1.13809	3.6685
37.5	122.25	-0.43809	2.73517
37.25	122.25	-0.23809	1.00183
