40.25	117.25	-2.57495	0.469131
40	117.25	-2.14162	0.602464
39.75	117.25	1.95838	2.5358
39.5	117.25	5.22505	4.26913
39.25	117.25	5.45838	5.10247
39	117.25	5.15838	5.00247
38.75	117.25	5.35838	4.60247
38.5	117.25	5.59171	4.4358
38.25	117.25	5.45838	4.40247
38	117.25	5.32505	4.30247
37.75	117.25	5.02505	4.10247
37.5	117.25	4.45838	3.6358
37.25	117.25	3.55838	3.1358
40.25	117.5	-1.57495	-0.197536
40	117.5	-2.50829	-0.564203
39.75	117.5	0.225045	0.869132
39.5	117.5	4.45838	2.8358
39.25	117.5	5.85838	4.2358
39	117.5	5.82505	4.36913
38.75	117.5	6.12505	3.9358
38.5	117.5	6.22505	3.76913
38.25	117.5	5.55838	3.7358
38	117.5	5.09171	3.60247
37.75	117.5	4.89171	3.36913
37.5	117.5	4.35838	2.86913
37.25	117.5	3.39171	2.30247
40.25	117.75	-1.17495	-0.464203
40	117.75	-2.94162	-0.73087
39.75	117.75	-1.64162	0.0357971
39.5	117.75	3.15838	1.6358
39.25	117.75	6.19171	3.46913
39	117.75	7.12505	4.2358
38.75	117.75	7.29171	3.80247
38.5	117.75	6.75838	3.50247
38.25	117.75	5.42505	3.6358
38	117.75	4.49171	3.40247
37.75	117.75	4.49171	3.0358
37.5	117.75	4.29171	2.50247
37.25	117.75	3.39171	1.96913
40.25	118	-1.67495	-0.297536
40	118	-3.20829	-0.364203
39.75	118	-3.20829	-0.164203
39.5	118	1.49171	0.902465
39.25	118	6.42505	3.00247
39	118	8.19171	4.1358
38.75	118	7.72505	3.8358
38.5	118	6.42505	3.8358
38.25	118	4.75838	4.3358
38	118	3.89171	4.1358
37.75	118	4.09171	3.70247
37.5	118	4.12505	2.9358
37.25	118	3.49171	2.2358
40.25	118.25	-1.94162	-0.0642029
40	118.25	-3.10829	-0.297536
39.75	118.25	-3.94162	-0.33087
39.5	118.25	-0.0749551	0.56913
39.25	118.25	5.75838	2.60247
39	118.25	8.25838	4.2358
38.75	118.25	7.15838	4.4358
38.5	118.25	5.42505	4.96913
38.25	118.25	4.02505	5.80247
38	118.25	3.32505	5.50247
37.75	118.25	3.49171	4.80247
37.5	118.25	3.65838	3.8358
37.25	118.25	3.19171	3.00247
40.25	118.5	-1.74162	-0.0642029
40	118.5	-2.94162	-0.33087
39.75	118.5	-3.97495	-0.297536
39.5	118.5	-1.37495	0.502464
39.25	118.5	4.69171	2.80247
39	118.5	7.52505	5.10247
38.75	118.5	6.09171	5.90247
38.5	118.5	4.39171	6.56913
38.25	118.5	3.55838	7.26913
38	118.5	3.05838	6.8358
37.75	118.5	2.85838	5.76913
37.5	118.5	2.99171	4.6358
37.25	118.5	2.62505	3.9358
40.25	118.75	-1.44162	0.335797
40	118.75	-3.47495	-0.23087
39.75	118.75	-4.54162	-0.13087
39.5	118.75	-2.20829	1.00247
39.25	118.75	3.49171	3.76913
39	118.75	6.59171	6.90247
38.75	118.75	5.45838	7.90247
38.5	118.75	4.12505	8.10247
38.25	118.75	3.49171	8.16913
38	118.75	2.72505	7.26913
37.75	118.75	2.35838	6.3358
37.5	118.75	2.42505	5.5358
37.25	118.75	2.09171	4.96913
40.25	119	-1.47495	1.1358
40	119	-3.34162	0.235797
39.75	119	-3.90829	0.36913
39.5	119	-2.54162	1.9358
39.25	119	2.32505	5.16913
39	119	5.65838	8.60247
38.75	119	5.45838	9.63579
38.5	119	4.49171	9.2358
38.25	119	3.79171	8.76913
38	119	2.89171	8.0358
37.75	119	2.32505	7.26913
37.5	119	2.32505	7.00247
37.25	119	1.89171	6.40247
40.25	119.25	-1.20829	1.9358
40	119.25	-2.20829	0.769131
39.75	119.25	-2.90829	1.4358
39.5	119.25	-2.74162	3.4358
39.25	119.25	0.725045	6.5358
39	119.25	4.09171	9.46913
38.75	119.25	4.95838	10.3358
38.5	119.25	4.72505	9.70246
38.25	119.25	3.99171	9.1358
38	119.25	3.22505	8.8358
37.75	119.25	2.82505	8.56913
37.5	119.25	2.55838	8.30247
37.25	119.25	1.82505	7.6358
40.25	119.5	0.125045	2.36913
40	119.5	-0.808288	1.96913
39.75	119.5	-2.47495	3.60247
39.5	119.5	-2.94162	5.3358
39.25	119.5	-1.17495	7.20247
39	119.5	1.52505	9.20246
38.75	119.5	3.19171	9.86913
38.5	119.5	3.79171	9.46913
38.25	119.5	3.69171	9.20246
38	119.5	3.45838	9.3358
37.75	119.5	3.25838	9.26913
37.5	119.5	2.79171	8.96913
37.25	119.5	1.55838	8.16913
40.25	119.75	1.25838	2.70247
40	119.75	0.125045	3.4358
39.75	119.75	-1.67495	5.50247
39.5	119.75	-2.80829	6.6358
39.25	119.75	-2.47495	7.4358
39	119.75	-1.14162	8.30247
38.75	119.75	0.458378	8.7358
38.5	119.75	1.79171	8.70247
38.25	119.75	2.82505	9.0358
38	119.75	3.32505	9.50246
37.75	119.75	3.22505	9.46913
37.5	119.75	2.29171	8.9358
37.25	119.75	0.891712	7.5358
40.25	120	1.52505	3.6358
40	120	0.791712	5.70247
39.75	120	-0.908288	6.76913
39.5	120	-2.14162	7.2358
39.25	120	-2.64162	7.4358
39	120	-2.54162	7.70247
38.75	120	-1.70829	7.86913
38.5	120	-0.0416217	8.00247
38.25	120	1.99171	8.56913
38	120	3.12505	9.30247
37.75	120	2.69171	9.30247
37.5	120	1.25838	8.26913
37.25	120	0.0583783	5.70247
40.25	120.25	1.79171	5.0358
40	120.25	1.22505	6.96913
39.75	120.25	-0.208288	7.50247
39.5	120.25	-1.34162	7.50247
39.25	120.25	-2.17495	7.50247
39	120.25	-2.67495	7.7358
38.75	120.25	-2.60829	7.6358
38.5	120.25	-1.10829	7.5358
38.25	120.25	1.42505	7.9358
38	120.25	3.02505	8.60247
37.75	120.25	2.15838	8.46913
37.5	120.25	0.258378	6.76913
37.25	120.25	-0.341622	4.76913
40.25	120.5	1.95838	6.26913
40	120.5	1.25838	7.60247
39.75	120.5	0.191712	7.70247
39.5	120.5	-0.674955	7.66913
39.25	120.5	-1.54162	7.76913
39	120.5	-2.40829	7.9358
38.75	120.5	-2.70829	7.80247
38.5	120.5	-1.67495	7.4358
38.25	120.5	0.691712	7.3358
38	120.5	2.49171	7.56913
37.75	120.5	1.75838	7.1358
37.5	120.5	0.258378	5.2358
37.25	120.5	-0.208288	4.10247
40.25	120.75	1.75838	6.96913
40	120.75	0.958379	7.5358
39.75	120.75	0.291712	7.4358
39.5	120.75	-0.274955	7.46913
39.25	120.75	-1.07495	7.7358
39	120.75	-2.14162	7.9358
38.75	120.75	-2.74162	7.86913
38.5	120.75	-2.20829	7.50247
38.25	120.75	-0.308288	7.0358
38	120.75	1.59171	6.8358
37.75	120.75	1.55838	5.60247
37.5	120.75	1.05838	4.8358
37.25	120.75	0.391712	3.56913
40.25	121	1.02505	6.90247
40	121	0.391712	6.8358
39.75	121	0.0917115	6.6358
39.5	121	-0.174955	6.70247
39.25	121	-0.774955	7.0358
39	121	-1.74162	7.06913
38.75	121	-2.50829	7.16913
38.5	121	-2.44162	7.46913
38.25	121	-1.24162	7.2358
38	121	0.525045	6.80247
37.75	121	1.49171	5.96913
37.5	121	1.49171	4.36913
37.25	121	0.991712	3.30247
40.25	121.25	-0.0749551	6.0358
40	121.25	-0.341622	5.60247
39.75	121.25	-0.374955	5.30247
39.5	121.25	-0.274955	5.30247
39.25	121.25	-0.408288	5.86913
39	121.25	-1.04162	5.70247
38.75	121.25	-1.74162	6.10247
38.5	121.25	-2.10829	7.26913
38.25	121.25	-1.70829	7.5358
38	121.25	-0.574955	7.10247
37.75	121.25	0.658378	6.26913
37.5	121.25	1.12505	4.3358
37.25	121.25	0.925045	3.0358
40.25	121.5	-0.808287	5.20247
40	121.5	-1.04162	4.6358
39.75	121.5	-0.808288	3.9358
39.5	121.5	-0.408288	3.80247
39.25	121.5	-0.0416218	4.6358
39	121.5	-0.174955	4.5358
38.75	121.5	-0.741622	5.50247
38.5	121.5	-1.44162	6.9358
38.25	121.5	-1.57495	7.3358
38	121.5	-1.10829	7.00247
37.75	121.5	-0.308288	6.26913
37.5	121.5	0.258378	5.00247
37.25	121.5	0.358378	3.06913
40.25	121.75	-1.14162	4.30247
40	121.75	-1.50829	3.8358
39.75	121.75	-1.00829	2.9358
39.5	121.75	-0.208288	2.80247
39.25	121.75	0.491712	3.5358
39	121.75	0.525045	4.3358
38.75	121.75	0.0250447	5.6358
38.5	121.75	-0.674955	6.4358
38.25	121.75	-1.10829	6.66913
38	121.75	-1.10829	6.36913
37.75	121.75	-0.708288	5.86913
37.5	121.75	-0.208288	4.56913
37.25	121.75	-0.0082886	2.4358
40.25	122	-1.40829	3.4358
40	122	-1.50829	2.6358
39.75	122	-0.741622	1.90247
39.5	122	0.525045	2.16913
39.25	122	1.32505	3.30247
39	122	1.25838	4.66913
38.75	122	0.591712	5.60247
38.5	122	-0.174955	5.80247
38.25	122	-0.574955	5.7358
38	122	-0.674955	5.50247
37.75	122	-0.408288	5.10247
37.5	122	0.0917115	3.90247
37.25	122	0.158378	2.00247
40.25	122.25	-1.37495	2.2358
40	122.25	-1.17495	1.36913
39.75	122.25	-0.0416217	1.00247
39.5	122.25	1.55838	1.86913
39.25	122.25	2.35838	3.5358
39	122.25	1.82505	4.76913
38.75	122.25	0.891712	5.10247
38.5	122.25	0.191712	5.00247
38.25	122.25	-0.274955	4.8358
38	122.25	-0.374955	4.46913
37.75	122.25	-0.141622	4.06913
37.5	122.25	0.391712	3.16913
37.25	122.25	0.491712	1.26913
