40.25	117.25	1.00156	2.68071
40	117.25	1.76823	1.98071
39.75	117.25	3.0349	2.38071
39.5	117.25	3.60156	3.08071
39.25	117.25	3.4349	3.08071
39	117.25	3.40156	3.01404
38.75	117.25	3.86823	3.34737
38.5	117.25	3.96823	3.44737
38.25	117.25	3.86823	3.38071
38	117.25	3.50156	3.31404
37.75	117.25	3.16823	3.34737
37.5	117.25	3.0349	3.28071
37.25	117.25	2.86823	2.78071
40.25	117.5	1.1349	2.81404
40	117.5	2.0349	1.74737
39.75	117.5	3.10156	1.81404
39.5	117.5	3.40156	2.51404
39.25	117.5	3.16823	2.91404
39	117.5	2.7349	2.81404
38.75	117.5	2.7349	2.91404
38.5	117.5	3.46823	2.84737
38.25	117.5	3.86823	2.88071
38	117.5	3.66823	2.98071
37.75	117.5	3.20156	2.98071
37.5	117.5	2.9349	2.68071
37.25	117.5	2.6349	2.04737
40.25	117.75	0.901561	2.98071
40	117.75	2.00156	1.48071
39.75	117.75	2.86823	1.28071
39.5	117.75	3.0349	2.14737
39.25	117.75	2.56823	3.14737
39	117.75	1.20156	3.74737
38.75	117.75	0.968229	2.94737
38.5	117.75	1.96823	1.91404
38.25	117.75	3.4349	2.11404
38	117.75	3.60156	2.61404
37.75	117.75	3.2349	2.58071
37.5	117.75	2.86823	2.04737
37.25	117.75	2.3349	1.44737
40.25	118	0.868227	2.51404
40	118	2.06823	1.01404
39.75	118	2.66823	0.780705
39.5	118	2.9349	1.84737
39.25	118	2.36823	3.44737
39	118	1.0349	4.54737
38.75	118	0.634894	2.94737
38.5	118	1.0349	0.780705
38.25	118	2.20156	0.580705
38	118	3.46823	1.94737
37.75	118	3.26823	2.08071
37.5	118	2.90156	1.54737
37.25	118	2.20156	1.04737
40.25	118.25	1.0349	1.78071
40	118.25	2.16823	0.514038
39.75	118.25	2.76823	0.380705
39.5	118.25	3.16823	1.31404
39.25	118.25	3.16823	2.84737
39	118.25	2.36823	4.21404
38.75	118.25	1.76823	2.44737
38.5	118.25	1.26823	-0.219295
38.25	118.25	1.70156	-0.919295
38	118.25	3.2349	0.880705
37.75	118.25	3.3349	1.48071
37.5	118.25	2.8349	1.18071
37.25	118.25	1.96823	0.814038
40.25	118.5	1.00156	1.14737
40	118.5	2.2349	0.0473714
39.75	118.5	2.90156	-0.252629
39.5	118.5	3.40156	0.614038
39.25	118.5	3.7349	2.04737
39	118.5	3.96823	3.68071
38.75	118.5	3.50156	1.94737
38.5	118.5	2.4349	-0.852629
38.25	118.5	1.9349	-2.08596
38	118.5	3.06823	-0.252629
37.75	118.5	3.10156	0.847371
37.5	118.5	2.3349	0.880705
37.25	118.5	1.36823	0.647371
40.25	118.75	0.734894	0.814038
40	118.75	2.36823	-0.285962
39.75	118.75	3.06823	-0.919295
39.5	118.75	3.40156	-0.0192952
39.25	118.75	3.90156	1.78071
39	118.75	5.00156	3.44737
38.75	118.75	4.90156	1.61404
38.5	118.75	3.6349	-1.15263
38.25	118.75	2.36823	-2.78596
38	118.75	2.50156	-1.28596
37.75	118.75	2.00156	0.314038
37.5	118.75	1.00156	0.780705
37.25	118.75	0.168227	0.347371
40.25	119	0.434894	0.314038
40	119	2.6349	-0.485962
39.75	119	3.06823	-1.38596
39.5	119	3.0349	-0.452629
39.25	119	3.50156	1.84737
39	119	5.30156	3.34737
38.75	119	5.70156	1.34737
38.5	119	4.4349	-1.35263
38.25	119	2.5349	-3.25263
38	119	1.10156	-2.31929
37.75	119	-0.265106	-0.0526286
37.5	119	-1.89844	0.914038
37.25	119	-1.83177	-0.152629
40.25	119.25	-0.165106	-0.119295
40	119.25	2.16823	-0.119295
39.75	119.25	2.6349	-1.15263
39.5	119.25	2.00156	-0.552629
39.25	119.25	2.4349	2.14737
39	119.25	4.80156	3.08071
38.75	119.25	5.86823	1.04737
38.5	119.25	4.9349	-1.31929
38.25	119.25	2.9349	-3.21929
38	119.25	0.268227	-2.65263
37.75	119.25	-2.19844	0.0473713
37.5	119.25	-3.49844	0.847371
37.25	119.25	-2.89844	-0.952629
40.25	119.5	-1.4651	-0.519295
40	119.5	0.60156	0.380705
39.75	119.5	1.3349	-0.185962
39.5	119.5	0.768228	-0.252628
39.25	119.5	1.46823	1.48071
39	119.5	3.9349	2.24737
38.75	119.5	5.50156	0.647371
38.5	119.5	5.20156	-1.31929
38.25	119.5	3.60156	-2.85263
38	119.5	1.0349	-2.38596
37.75	119.5	-1.29844	-0.119295
37.5	119.5	-2.1651	0.0473713
37.25	119.5	-1.79844	-2.08596
40.25	119.75	-3.4651	-1.28596
40	119.75	-1.6651	0.0807046
39.75	119.75	0.50156	0.414038
39.5	119.75	1.00156	-0.319295
39.25	119.75	1.50156	0.147371
39	119.75	3.26823	0.747371
38.75	119.75	4.8349	0.0140379
38.5	119.75	5.06823	-1.41929
38.25	119.75	4.1349	-2.48596
38	119.75	2.3349	-2.08596
37.75	119.75	0.80156	-0.685962
37.5	119.75	0.134894	-1.18596
37.25	119.75	0.0348938	-2.81929
40.25	120	-5.09844	-2.88596
40	120	-3.6651	-1.48596
39.75	120	0.234894	-0.519295
39.5	120	2.3349	-1.11929
39.25	120	2.60156	-1.35263
39	120	3.2349	-0.685962
38.75	120	4.2349	-0.685962
38.5	120	4.66823	-1.55263
38.25	120	4.30156	-2.11929
38	120	3.3349	-1.68596
37.75	120	2.50156	-1.28596
37.5	120	1.86823	-2.08596
37.25	120	0.934894	-2.98596
40.25	120.25	-5.6651	-4.18596
40	120.25	-4.53177	-3.98596
39.75	120.25	0.20156	-2.68596
39.5	120.25	3.40156	-2.41929
39.25	120.25	3.8349	-2.38596
39	120.25	3.70156	-1.55263
38.75	120.25	3.9349	-1.05263
38.5	120.25	4.26823	-1.35263
38.25	120.25	4.36823	-1.51929
38	120.25	4.1349	-1.41929
37.75	120.25	3.3349	-1.68596
37.5	120.25	2.06823	-2.51929
37.25	120.25	1.00156	-2.95263
40.25	120.5	-6.23177	-4.91929
40	120.5	-4.49844	-5.48596
39.75	120.5	0.368227	-4.45263
39.5	120.5	3.9349	-3.45263
39.25	120.5	4.4349	-2.68596
39	120.5	4.10156	-1.71929
38.75	120.5	4.0349	-1.18596
38.5	120.5	4.26823	-1.28596
38.25	120.5	4.76823	-1.3193
38	120.5	4.9349	-1.48596
37.75	120.5	3.80156	-2.21929
37.5	120.5	1.9349	-2.78596
37.25	120.5	0.70156	-2.95263
40.25	120.75	-6.63177	-5.05263
40	120.75	-4.23177	-5.71929
39.75	120.75	0.734894	-4.91929
39.5	120.75	4.36823	-3.71929
39.25	120.75	4.9349	-2.85263
39	120.75	4.50156	-2.11929
38.75	120.75	4.4349	-1.75263
38.5	120.75	4.76823	-1.68596
38.25	120.75	5.40156	-1.61929
38	120.75	5.60156	-1.95263
37.75	120.75	3.76823	-2.78596
37.5	120.75	1.70156	-3.31929
37.25	120.75	0.10156	-3.05263
40.25	121	-6.79844	-5.41929
40	121	-4.09844	-5.58596
39.75	121	1.36823	-4.41929
39.5	121	5.20156	-3.28596
39.25	121	5.7349	-3.01929
39	121	5.00156	-2.91929
38.75	121	4.7349	-2.48596
38.5	121	5.1349	-2.01929
38.25	121	5.6349	-1.71929
38	121	5.30156	-1.91929
37.75	121	3.3349	-2.78596
37.5	121	1.0349	-3.41929
37.25	121	-0.565106	-2.98596
40.25	121.25	-6.73177	-6.41929
40	121.25	-4.23177	-5.58596
39.75	121.25	1.56823	-3.31929
39.5	121.25	5.80156	-2.38596
39.25	121.25	6.56823	-2.95263
39	121.25	5.2349	-3.18596
38.75	121.25	4.3349	-1.98596
38.5	121.25	4.80156	-0.919295
38.25	121.25	5.00156	-0.452629
38	121.25	4.00156	-0.519295
37.75	121.25	2.00156	-1.65263
37.5	121.25	0.534894	-2.95263
37.25	121.25	-0.731773	-2.75263
40.25	121.5	-6.03177	-7.11929
40	121.5	-4.4651	-4.85263
39.75	121.5	0.50156	-1.45263
39.5	121.5	4.4349	-0.919295
39.25	121.5	5.86823	-1.75263
39	121.5	4.20156	-1.48596
38.75	121.5	3.20156	0.814038
38.5	121.5	3.66823	2.11404
38.25	121.5	3.66823	2.21404
38	121.5	2.40156	1.78071
37.75	121.5	0.70156	0.0807049
37.5	121.5	0.10156	-2.21929
37.25	121.5	-0.19844	-2.11929
40.25	121.75	-4.39844	-6.35263
40	121.75	-4.29844	-2.45263
39.75	121.75	-1.79844	1.34737
39.5	121.75	1.40156	1.38071
39.25	121.75	2.9349	0.814038
39	121.75	2.40156	2.14737
38.75	121.75	1.90156	4.64737
38.5	121.75	2.56823	5.04737
38.25	121.75	2.5349	4.38071
38	121.75	1.36823	3.41404
37.75	121.75	0.20156	1.21404
37.5	121.75	0.30156	-1.35263
37.25	121.75	0.30156	-1.11929
40.25	122	-2.2651	-3.95263
40	122	-3.5651	0.747371
39.75	122	-3.93177	3.24737
39.5	122	-2.43177	3.24737
39.25	122	-0.331773	3.48071
39	122	0.734894	5.41404
38.75	122	1.40156	6.74737
38.5	122	2.06823	5.98071
38.25	122	1.9349	4.98071
38	122	1.00156	3.88071
37.75	122	0.00156017	1.68071
37.5	122	-0.031773	-0.385962
37.25	122	0.134894	-0.0192952
40.25	122.25	-0.79844	-1.21929
40	122.25	-2.39844	2.64737
39.75	122.25	-4.53177	4.01404
39.5	122.25	-4.5651	3.68071
39.25	122.25	-2.79844	4.58071
39	122.25	-0.031773	6.11404
38.75	122.25	1.46823	6.28071
38.5	122.25	1.76823	5.41404
38.25	122.25	1.50156	4.74737
38	122.25	0.768227	3.91404
37.75	122.25	-0.49844	2.28071
37.5	122.25	-1.13177	0.680705
37.25	122.25	-0.965105	0.847371
