40.25	117.25	-2.87364	-0.00552122
40	117.25	-5.54364	-0.592188
39.75	117.25	-7.03364	-0.658855
39.5	117.25	-6.96697	-0.318854
39.25	117.25	-5.90364	0.624479
39	117.25	-4.5503	1.43781
38.75	117.25	-3.26697	1.31448
38.5	117.25	-1.39364	0.627812
38.25	117.25	0.359695	0.351145
38	117.25	0.946362	0.821145
37.75	117.25	0.806362	1.07448
37.5	117.25	0.629695	0.517812
37.25	117.25	0.806362	-0.345521
40.25	117.5	-2.1803	-0.678855
40	117.5	-3.9103	-1.50886
39.75	117.5	-5.40697	-1.39219
39.5	117.5	-6.27364	-0.788854
39.25	117.5	-6.42697	0.147812
39	117.5	-5.7003	1.17781
38.75	117.5	-4.7603	1.35448
38.5	117.5	-2.6703	0.914478
38.25	117.5	-0.526971	0.537812
38	117.5	0.273029	0.944477
37.75	117.5	0.273029	1.48448
37.5	117.5	0.273029	1.16114
37.25	117.5	0.619695	0.221145
40.25	117.75	-1.29697	-1.59552
40	117.75	-2.45364	-1.98552
39.75	117.75	-4.28364	-1.73219
39.5	117.75	-5.6803	-1.00552
39.25	117.75	-6.74364	-0.325521
39	117.75	-7.45697	0.524479
38.75	117.75	-6.67697	1.21781
38.5	117.75	-4.40364	1.46114
38.25	117.75	-2.06697	1.27781
38	117.75	-1.0203	1.42114
37.75	117.75	-0.756971	2.01448
37.5	117.75	-0.456971	1.94448
37.25	117.75	0.0863618	0.994477
40.25	118	-0.920304	-2.09886
40	118	-1.9903	-2.21552
39.75	118	-4.0103	-1.85219
39.5	118	-5.52364	-1.23219
39.25	118	-7.08364	-0.785521
39	118	-8.08364	-0.365521
38.75	118	-7.42364	0.391145
38.5	118	-5.59697	1.26448
38.25	118	-3.6103	1.53448
38	118	-2.32364	1.62448
37.75	118	-1.6803	2.05448
37.5	118	-1.16364	2.12448
37.25	118	-0.513638	1.40781
40.25	118.25	-1.24697	-2.55552
40	118.25	-1.69697	-2.10219
39.75	118.25	-3.92697	-1.98886
39.5	118.25	-5.67697	-1.52886
39.25	118.25	-6.86364	-1.32219
39	118.25	-7.8203	-1.34886
38.75	118.25	-7.30364	-0.865521
38.5	118.25	-5.9603	0.204479
38.25	118.25	-4.44697	0.931145
38	118.25	-2.9203	0.994477
37.75	118.25	-1.96697	1.30781
37.5	118.25	-1.3203	1.57781
37.25	118.25	-0.820305	1.23448
40.25	118.5	-1.5203	-3.06552
40	118.5	-1.6003	-2.49886
39.75	118.5	-3.56364	-2.24219
39.5	118.5	-5.67364	-1.90886
39.25	118.5	-6.82697	-1.80886
39	118.5	-7.6203	-2.24886
38.75	118.5	-6.87697	-2.01886
38.5	118.5	-5.76697	-1.05552
38.25	118.5	-4.68697	-0.172188
38	118.5	-3.17697	0.164479
37.75	118.5	-1.8103	0.527812
37.5	118.5	-0.990304	0.981144
37.25	118.5	-0.636971	1.06781
40.25	118.75	-1.41697	-3.28886
40	118.75	-1.5703	-2.69886
39.75	118.75	-3.36697	-2.36219
39.5	118.75	-5.7403	-2.31552
39.25	118.75	-7.03364	-2.55219
39	118.75	-7.61697	-2.98886
38.75	118.75	-6.4103	-2.79886
38.5	118.75	-5.28364	-2.01886
38.25	118.75	-4.6203	-1.09552
38	118.75	-3.2603	-0.412188
37.75	118.75	-1.67697	0.257812
37.5	118.75	-0.530305	0.941144
37.25	118.75	-0.263638	1.32114
40.25	119	-1.8203	-2.91219
40	119	-2.07697	-2.54219
39.75	119	-3.75364	-2.49219
39.5	119	-6.30697	-2.98552
39.25	119	-7.53697	-3.42219
39	119	-7.50697	-3.74219
38.75	119	-5.83364	-3.33552
38.5	119	-4.55364	-2.64886
38.25	119	-4.3803	-1.73552
38	119	-3.66364	-0.675521
37.75	119	-1.81364	0.447812
37.5	119	-0.233638	1.50114
37.25	119	0.109695	2.05114
40.25	119.25	-2.52697	-2.37552
40	119.25	-3.0903	-3.00552
39.75	119.25	-5.0703	-3.51552
39.5	119.25	-7.72364	-4.32219
39.25	119.25	-8.5303	-4.54552
39	119.25	-7.2903	-4.19552
38.75	119.25	-5.05364	-3.70886
38.5	119.25	-3.6303	-3.04552
38.25	119.25	-3.8303	-2.12886
38	119.25	-3.8103	-0.862188
37.75	119.25	-2.10364	0.637812
37.5	119.25	-0.160305	2.03781
37.25	119.25	0.313029	2.79114
40.25	119.5	-2.49364	-2.45552
40	119.5	-3.6203	-4.09886
39.75	119.5	-7.1403	-5.69886
39.5	119.5	-9.07697	-5.84886
39.25	119.5	-8.72364	-5.06219
39	119.5	-6.8703	-4.33219
38.75	119.5	-4.27364	-3.89219
38.5	119.5	-2.65697	-3.24886
38.25	119.5	-3.06364	-2.26886
38	119.5	-3.56697	-0.918855
37.75	119.5	-2.23364	0.527812
37.5	119.5	-0.250305	1.98448
37.25	119.5	0.146362	2.85114
40.25	119.75	-1.72697	-3.36219
40	119.75	-3.55697	-5.17552
39.75	119.75	-7.61364	-7.24219
39.5	119.75	-8.87697	-6.26219
39.25	119.75	-8.43697	-4.86552
39	119.75	-6.55364	-4.08552
38.75	119.75	-3.68697	-3.76219
38.5	119.75	-1.86364	-3.14552
38.25	119.75	-2.3003	-1.99552
38	119.75	-3.1703	-0.825521
37.75	119.75	-2.2103	0.294479
37.5	119.75	-0.690305	1.63114
37.25	119.75	-0.440305	2.31114
40.25	120	-1.65364	-5.09552
40	120	-4.6903	-7.61219
39.75	120	-7.09697	-7.39219
39.5	120	-8.19364	-5.66219
39.25	120	-8.1503	-4.05552
39	120	-6.46697	-3.42219
38.75	120	-3.4103	-3.18219
38.5	120	-1.35364	-2.55219
38.25	120	-1.88364	-1.49886
38	120	-2.78364	-0.602188
37.75	120	-2.2103	0.261145
37.5	120	-1.15697	1.24781
37.25	120	-0.823638	1.44114
40.25	120.25	-2.86697	-6.31552
40	120.25	-5.2603	-7.48219
39.75	120.25	-6.6803	-6.37219
39.5	120.25	-7.6503	-4.40219
39.25	120.25	-8.11364	-3.04552
39	120.25	-6.6403	-2.37552
38.75	120.25	-3.4703	-1.96219
38.5	120.25	-1.3903	-1.47552
38.25	120.25	-1.78697	-0.935522
38	120.25	-2.5803	-0.308855
37.75	120.25	-2.1403	0.327812
37.5	120.25	-1.28364	0.721145
37.25	120.25	-0.883638	0.554479
40.25	120.5	-4.83697	-6.52886
40	120.5	-5.9703	-6.33219
39.75	120.5	-6.4803	-4.87552
39.5	120.5	-7.4003	-3.34886
39.25	120.5	-8.05364	-2.19552
39	120.5	-6.7803	-1.16219
38.75	120.5	-3.81697	-0.372188
38.5	120.5	-1.83364	-0.252188
38.25	120.5	-1.87697	-0.318855
38	120.5	-2.34697	-0.118855
37.75	120.5	-1.75697	0.241145
37.5	120.5	-1.00364	0.127812
37.25	120.5	-0.936971	-0.348855
40.25	120.75	-6.13697	-6.12886
40	120.75	-6.2903	-5.22219
39.75	120.75	-6.25697	-4.03219
39.5	120.75	-7.10364	-2.97886
39.25	120.75	-7.81364	-1.77886
39	120.75	-6.68697	-0.135521
38.75	120.75	-4.26697	0.894479
38.5	120.75	-2.5303	0.751145
38.25	120.75	-2.24364	0.197812
38	120.75	-2.0803	0.00114564
37.75	120.75	-1.0803	0.124479
37.5	120.75	-0.573638	-0.235521
37.25	120.75	-0.876971	-0.845521
40.25	121	-6.5203	-5.66552
40	121	-5.97364	-4.81552
39.75	121	-5.61364	-3.96552
39.5	121	-6.31697	-3.11886
39.25	121	-7.08697	-1.70219
39	121	-6.25697	0.231146
38.75	121	-4.53697	1.53781
38.5	121	-3.4303	1.43114
38.25	121	-2.83364	0.854479
38	121	-2.1403	0.521145
37.75	121	-0.836971	0.327812
37.5	121	-0.190305	-0.135521
37.25	121	-0.633638	-0.732188
40.25	121.25	-6.17697	-5.56219
40	121.25	-5.21697	-4.77552
39.75	121.25	-4.54364	-3.91886
39.5	121.25	-5.06697	-3.06886
39.25	121.25	-5.96697	-1.70219
39	121.25	-5.59697	0.171146
38.75	121.25	-4.6903	1.46114
38.5	121.25	-4.2503	1.80114
38.25	121.25	-3.58364	1.59781
38	121.25	-2.6503	1.30781
37.75	121.25	-1.29364	0.994478
37.5	121.25	-0.400305	0.447812
37.25	121.25	-0.543638	-0.312188
40.25	121.5	-5.5803	-5.63552
40	121.5	-4.2303	-4.56219
39.75	121.5	-3.2203	-3.29219
39.5	121.5	-3.5803	-2.52219
39.25	121.5	-4.81364	-1.75552
39	121.5	-4.6703	-0.318855
38.75	121.5	-5.0303	0.861145
38.5	121.5	-4.86697	1.68781
38.25	121.5	-4.1703	2.03448
38	121.5	-3.38697	1.98448
37.75	121.5	-2.25364	1.67114
37.5	121.5	-1.2203	1.14114
37.25	121.5	-0.823638	-0.0955212
40.25	121.75	-4.7303	-5.23219
40	121.75	-3.30697	-3.79886
39.75	121.75	-2.1303	-2.55886
39.5	121.75	-2.54697	-2.22219
39.25	121.75	-3.53364	-1.96219
39	121.75	-4.20697	-1.17552
38.75	121.75	-5.1903	-0.175521
38.5	121.75	-5.03697	0.981145
38.25	121.75	-4.50364	1.78448
38	121.75	-3.92697	1.93781
37.75	121.75	-3.07697	1.77781
37.5	121.75	-1.82697	1.25448
37.25	121.75	-1.1403	-0.288855
40.25	122	-3.71364	-4.12552
40	122	-2.21364	-2.66886
39.75	122	-1.46364	-2.30552
39.5	122	-1.97697	-2.46886
39.25	122	-3.19364	-2.70552
39	122	-4.4803	-2.45552
38.75	122	-5.1303	-1.44886
38.5	122	-4.98697	-0.0488545
38.25	122	-4.60364	0.764479
38	122	-4.2603	1.05781
37.75	122	-3.55697	1.16781
37.5	122	-2.24697	0.694479
37.25	122	-1.38364	-0.742188
40.25	122.25	-2.60364	-2.59219
40	122.25	-1.37364	-2.19552
39.75	122.25	-0.876971	-2.44886
39.5	122.25	-1.81697	-2.94219
39.25	122.25	-3.5103	-3.59219
39	122.25	-4.67364	-3.43219
38.75	122.25	-5.00697	-2.44886
38.5	122.25	-4.89697	-1.34886
38.25	122.25	-4.70364	-0.662188
38	122.25	-4.50364	-0.322188
37.75	122.25	-3.98697	-0.0955212
37.5	122.25	-2.8203	-0.282188
37.25	122.25	-1.89697	-1.35219
