40.25	117.25	-2.55085	2.08005
40	117.25	-4.11085	1.55338
39.75	117.25	-5.07418	1.69338
39.5	117.25	-5.41085	1.08671
39.25	117.25	-5.69418	0.496712
39	117.25	-5.96418	0.436712
38.75	117.25	-6.75752	0.133379
38.5	117.25	-7.14752	-1.26329
38.25	117.25	-6.66752	-3.15662
38	117.25	-5.24085	-4.36995
37.75	117.25	-3.61752	-3.90995
37.5	117.25	-2.47085	-2.21662
37.25	117.25	-1.94418	-1.06995
40.25	117.5	-2.05752	1.95671
40	117.5	-3.77752	1.40005
39.75	117.5	-4.54418	1.63671
39.5	117.5	-5.12752	1.36671
39.25	117.5	-5.80752	0.893378
39	117.5	-6.12752	0.813379
38.75	117.5	-7.07752	0.516712
38.5	117.5	-7.91418	-0.989954
38.25	117.5	-7.30418	-3.08329
38	117.5	-6.16752	-4.25662
37.75	117.5	-4.57418	-3.88662
37.5	117.5	-3.32752	-2.48329
37.25	117.5	-2.75418	-1.27662
40.25	117.75	-1.64752	2.24671
40	117.75	-3.06752	1.37005
39.75	117.75	-4.02418	1.53671
39.5	117.75	-4.76085	1.30338
39.25	117.75	-5.95085	1.07338
39	117.75	-7.19418	1.14338
38.75	117.75	-8.25418	1.05005
38.5	117.75	-8.89752	-0.453288
38.25	117.75	-8.40752	-2.66995
38	117.75	-6.99418	-3.79995
37.75	117.75	-5.67418	-3.52995
37.5	117.75	-4.69752	-2.42662
37.25	117.75	-4.24752	-1.39329
40.25	118	-1.26085	2.66671
40	118	-2.75752	1.66005
39.75	118	-3.84752	1.52005
39.5	118	-4.54418	1.07005
39.25	118	-5.95752	0.840045
39	118	-7.53752	1.15671
38.75	118	-8.35752	1.25338
38.5	118	-9.01752	0.0867122
38.25	118	-9.19752	-2.09662
38	118	-7.84085	-3.08329
37.75	118	-6.59085	-2.87662
37.5	118	-5.89085	-2.05329
37.25	118	-5.63085	-1.34329
40.25	118.25	-0.820849	2.75005
40	118.25	-2.35085	1.90338
39.75	118.25	-3.89085	1.61005
39.5	118.25	-4.54085	0.803379
39.25	118.25	-5.67085	0.470045
39	118.25	-7.19085	0.856712
38.75	118.25	-7.89085	1.07338
38.5	118.25	-8.56085	0.380045
38.25	118.25	-9.09085	-1.30662
38	118.25	-7.87752	-2.22995
37.75	118.25	-6.86085	-2.10995
37.5	118.25	-6.35418	-1.57662
37.25	118.25	-6.13752	-1.38662
40.25	118.5	-0.250849	2.67338
40	118.5	-2.30418	2.41671
39.75	118.5	-3.92752	1.65005
39.5	118.5	-4.65752	0.570045
39.25	118.5	-5.40752	0.156712
39	118.5	-6.80752	0.406712
38.75	118.5	-7.24752	0.683379
38.5	118.5	-7.79752	0.383379
38.25	118.5	-8.34418	-0.809955
38	118.5	-7.50752	-1.50995
37.75	118.5	-6.59418	-1.49662
37.5	118.5	-5.92085	-1.40662
37.25	118.5	-5.92085	-1.90329
40.25	118.75	0.119151	2.86338
40	118.75	-2.13418	2.49338
39.75	118.75	-3.95418	1.49005
39.5	118.75	-4.79752	0.263379
39.25	118.75	-5.45085	-0.293288
39	118.75	-6.35085	-0.126621
38.75	118.75	-6.58418	0.276712
38.5	118.75	-6.99085	0.190045
38.25	118.75	-7.50418	-0.623288
38	118.75	-6.78418	-1.19995
37.75	118.75	-6.34418	-1.41995
37.5	118.75	-6.02085	-2.03662
37.25	118.75	-5.49085	-3.04329
40.25	119	0.112484	2.92671
40	119	-2.06085	2.12005
39.75	119	-4.03085	0.986713
39.5	119	-5.06418	-0.143288
39.25	119	-5.49085	-0.723288
39	119	-5.92418	-0.609955
38.75	119	-5.98085	-0.113288
38.5	119	-6.45418	-0.0932879
38.25	119	-7.11085	-0.749955
38	119	-7.04418	-1.45995
37.75	119	-6.76418	-2.10995
37.5	119	-6.76085	-3.72662
37.25	119	-5.62752	-4.61662
40.25	119.25	-0.340849	2.41338
40	119.25	-2.28085	1.29671
39.75	119.25	-4.04085	0.236712
39.5	119.25	-5.43752	-0.673288
39.25	119.25	-5.74418	-1.10662
39	119.25	-5.51085	-0.816621
38.75	119.25	-5.64085	-0.339955
38.5	119.25	-6.30418	-0.329955
38.25	119.25	-7.11418	-0.936621
38	119.25	-7.58085	-1.84995
37.75	119.25	-7.76085	-3.09662
37.5	119.25	-7.22418	-4.79329
37.25	119.25	-5.63752	-5.04662
40.25	119.5	-0.837516	1.70338
40	119.5	-2.61418	0.516712
39.75	119.5	-4.86752	-0.546621
39.5	119.5	-5.70085	-1.19662
39.25	119.5	-5.44752	-1.30662
39	119.5	-5.11418	-0.853288
38.75	119.5	-5.47752	-0.346621
38.5	119.5	-6.33752	-0.383288
38.25	119.5	-7.22085	-0.97662
38	119.5	-8.07085	-1.96995
37.75	119.5	-8.46085	-3.47329
37.5	119.5	-7.57418	-4.63662
37.25	119.5	-5.38752	-3.53995
40.25	119.75	-1.37752	1.30671
40	119.75	-2.67418	-0.0466212
39.75	119.75	-4.54752	-1.09329
39.5	119.75	-5.03085	-1.57329
39.25	119.75	-4.72752	-1.41329
39	119.75	-4.61752	-0.843288
38.75	119.75	-5.20085	-0.293288
38.5	119.75	-6.23752	-0.286621
38.25	119.75	-7.22085	-0.786621
38	119.75	-8.30418	-1.88662
37.75	119.75	-8.75085	-3.43662
37.5	119.75	-7.40752	-3.81995
37.25	119.75	-4.91085	-1.38329
40.25	120	-1.88085	0.936712
40	120	-2.80752	-0.396621
39.75	120	-3.73085	-1.32662
39.5	120	-4.00418	-1.78995
39.25	120	-3.88752	-1.61995
39	120	-4.07752	-0.899955
38.75	120	-4.89418	-0.186621
38.5	120	-5.96085	-0.0866212
38.25	120	-7.02752	-0.503288
38	120	-8.19418	-1.60329
37.75	120	-8.52418	-3.01995
37.5	120	-7.00085	-2.72662
37.25	120	-4.35752	0.153379
40.25	120.25	-2.29085	0.426712
40	120.25	-2.66085	-0.709955
39.75	120.25	-2.96085	-1.56995
39.5	120.25	-3.03752	-2.14995
39.25	120.25	-3.02752	-2.06329
39	120.25	-3.49418	-0.969954
38.75	120.25	-4.58752	0.0533789
38.5	120.25	-5.76085	0.190045
38.25	120.25	-6.86418	-0.296621
38	120.25	-7.91752	-1.15329
37.75	120.25	-8.10085	-2.26662
37.5	120.25	-6.42752	-1.70329
37.25	120.25	-4.61418	0.313379
40.25	120.5	-2.49418	-0.109955
40	120.5	-2.56752	-1.16329
39.75	120.5	-2.46085	-2.07995
39.5	120.5	-2.28418	-2.88329
39.25	120.5	-2.22752	-2.60329
39	120.5	-2.94418	-0.913288
38.75	120.5	-4.41085	0.456712
38.5	120.5	-5.83418	0.390045
38.25	120.5	-6.76752	-0.209955
38	120.5	-7.67085	-0.633288
37.75	120.5	-7.64418	-1.33995
37.5	120.5	-6.40418	-1.39329
37.25	120.5	-5.13418	-0.369955
40.25	120.75	-2.62085	-0.649955
40	120.75	-2.46085	-1.87329
39.75	120.75	-1.96418	-2.98662
39.5	120.75	-1.53752	-3.59662
39.25	120.75	-1.56418	-2.70995
39	120.75	-2.62752	-0.419955
38.75	120.75	-4.66085	0.943379
38.5	120.75	-6.22752	0.400045
38.25	120.75	-6.77418	-0.309955
38	120.75	-7.39085	-0.326621
37.75	120.75	-7.01418	-0.779955
37.5	120.75	-6.45752	-1.51995
37.25	120.75	-5.56418	-1.27662
40.25	121	-2.66085	-1.32662
40	121	-2.33752	-2.90329
39.75	121	-1.62085	-3.87995
39.5	121	-1.24085	-3.48995
39.25	121	-1.64085	-1.69662
39	121	-3.07752	0.476712
38.75	121	-5.30418	1.13671
38.5	121	-6.86752	0.140045
38.25	121	-7.05418	-0.506621
38	121	-7.19418	-0.209955
37.75	121	-6.90418	-0.713288
37.5	121	-6.14085	-1.70995
37.25	121	-5.47085	-1.92995
40.25	121.25	-2.58418	-2.39662
40	121.25	-2.16752	-3.96329
39.75	121.25	-1.51085	-3.70995
39.5	121.25	-1.68752	-1.76662
39.25	121.25	-2.82418	0.273379
39	121.25	-4.25752	1.22005
38.75	121.25	-6.12418	0.780045
38.5	121.25	-7.45085	-0.396621
38.25	121.25	-7.21752	-0.696621
38	121.25	-7.00418	-0.193288
37.75	121.25	-6.82085	-0.726621
37.5	121.25	-5.50085	-1.73662
37.25	121.25	-5.07418	-2.11662
40.25	121.5	-2.10418	-3.51329
40	121.5	-1.90418	-4.00662
39.75	121.5	-2.02418	-1.89662
39.5	121.5	-3.15752	0.816712
39.25	121.5	-4.64085	1.88338
39	121.5	-5.35418	1.16005
38.75	121.5	-7.01418	0.0167123
38.5	121.5	-7.61418	-0.853288
38.25	121.5	-7.06085	-0.689955
38	121.5	-6.80418	-0.119955
37.75	121.5	-6.67085	-0.679955
37.5	121.5	-5.77418	-1.83662
37.25	121.5	-4.66418	-1.91329
40.25	121.75	-1.01418	-3.85995
40	121.75	-1.65418	-2.54995
39.75	121.75	-2.99418	0.726712
39.5	121.75	-4.52752	2.34338
39.25	121.75	-5.74085	1.91671
39	121.75	-6.25752	0.463379
38.75	121.75	-7.26752	-0.636621
38.5	121.75	-7.18085	-0.893288
38.25	121.75	-6.57418	-0.333288
38	121.75	-6.42752	0.163379
37.75	121.75	-6.51418	-0.436621
37.5	121.75	-5.71418	-1.33329
37.25	121.75	-4.66418	-1.39995
40.25	122	0.0624842	-2.73995
40	122	-1.72418	-0.0799545
39.75	122	-3.96752	2.59338
39.5	122	-5.44085	2.58671
39.25	122	-6.12752	1.01671
39	122	-6.67752	-0.356621
38.75	122	-6.80085	-0.716621
38.5	122	-6.38085	-0.306621
38.25	122	-5.96085	0.380045
38	122	-5.95752	0.583379
37.75	122	-6.21752	0.0267122
37.5	122	-5.76418	-0.626621
37.25	122	-5.21418	-0.843288
40.25	122.25	0.215817	-0.463288
40	122.25	-2.24752	2.06671
39.75	122.25	-4.61752	3.02671
39.5	122.25	-5.79085	1.76005
39.25	122.25	-6.49085	0.0833789
39	122.25	-6.43752	-0.519955
38.75	122.25	-6.02085	-0.0266212
38.5	122.25	-5.71085	0.720045
38.25	122.25	-5.57418	1.11005
38	122.25	-5.70085	0.980044
37.75	122.25	-6.00752	0.600045
37.5	122.25	-5.99752	0.103379
37.25	122.25	-5.76752	-0.106621
