40.25	117.25	-2.23146	0.163951
40	117.25	-4.2148	-0.419383
39.75	117.25	-5.48146	-0.0760494
39.5	117.25	-5.20813	0.807283
39.25	117.25	-4.70146	2.57728
39	117.25	-5.1048	3.64062
38.75	117.25	-5.97146	3.88395
38.5	117.25	-6.5048	3.50395
38.25	117.25	-6.67813	3.05395
38	117.25	-6.72813	2.52062
37.75	117.25	-6.9248	2.00728
37.5	117.25	-7.1648	1.29395
37.25	117.25	-7.39813	0.673951
40.25	117.5	-1.3348	-0.0727161
40	117.5	-3.39146	-0.689383
39.75	117.5	-4.8348	-0.0127161
39.5	117.5	-5.04813	1.02395
39.25	117.5	-5.25146	2.74062
39	117.5	-5.7548	3.82395
38.75	117.5	-6.7348	4.23728
38.5	117.5	-7.09146	3.93395
38.25	117.5	-6.84813	3.23728
38	117.5	-6.63813	2.51728
37.75	117.5	-6.60146	1.74728
37.5	117.5	-6.8248	0.910616
37.25	117.5	-6.94813	0.0406172
40.25	117.75	-0.681467	-0.0027161
40	117.75	-2.5148	-0.616049
39.75	117.75	-4.22813	0.213951
39.5	117.75	-4.95813	1.49062
39.25	117.75	-5.97813	3.19395
39	117.75	-7.45813	4.52728
38.75	117.75	-8.30813	4.81728
38.5	117.75	-8.26813	4.35395
38.25	117.75	-7.74146	3.55062
38	117.75	-6.95146	2.43395
37.75	117.75	-6.5648	1.35395
37.5	117.75	-6.41146	0.377284
37.25	117.75	-6.44813	-0.486049
40.25	118	-0.408134	0.127284
40	118	-2.08813	-0.292716
39.75	118	-3.9948	0.550616
39.5	118	-5.0348	1.83062
39.25	118	-6.63813	3.49728
39	118	-8.33813	4.61728
38.75	118	-8.8548	4.64395
38.5	118	-8.89813	4.29062
38.25	118	-8.5748	3.56062
38	118	-7.6148	2.24062
37.75	118	-6.54813	0.830616
37.5	118	-6.1048	-0.222716
37.25	118	-6.00813	-0.906049
40.25	118.25	-0.261467	0.280617
40	118.25	-1.74813	0.233951
39.75	118.25	-3.8248	1.10728
39.5	118.25	-4.9948	1.99395
39.25	118.25	-6.34146	3.19728
39	118.25	-8.01813	4.16062
38.75	118.25	-8.55813	4.06395
38.5	118.25	-8.67146	3.75395
38.25	118.25	-8.61146	3.24728
38	118.25	-7.36146	1.82062
37.75	118.25	-6.33813	0.380617
37.5	118.25	-6.0148	-0.492716
37.25	118.25	-5.75146	-0.989384
40.25	118.5	0.0518665	0.423951
40	118.5	-1.50146	0.730616
39.75	118.5	-3.56146	1.58062
39.5	118.5	-4.88146	2.12728
39.25	118.5	-5.83813	3.02395
39	118.5	-7.37146	3.74395
38.75	118.5	-7.85146	3.53062
38.5	118.5	-8.00813	3.30395
38.25	118.5	-7.9248	2.81062
38	118.5	-6.9948	1.55728
37.75	118.5	-6.30146	0.213951
37.5	118.5	-6.2948	-0.269383
37.25	118.5	-5.9148	-0.809383
40.25	118.75	0.0918665	0.790616
40	118.75	-1.6448	1.23728
39.75	118.75	-3.38146	1.93062
39.5	118.75	-4.69813	2.31395
39.25	118.75	-5.54146	2.94395
39	118.75	-6.7748	3.43062
38.75	118.75	-7.12146	3.16395
38.5	118.75	-7.24146	2.91728
38.25	118.75	-7.24813	2.47395
38	118.75	-6.46813	1.37728
37.75	118.75	-6.65146	0.437284
37.5	118.75	-7.2248	-0.0293829
37.25	118.75	-6.58813	-0.429383
40.25	119	-0.608134	1.20062
40	119	-1.93813	1.25395
39.75	119	-3.13813	1.83062
39.5	119	-4.3748	2.46062
39.25	119	-5.29146	2.87728
39	119	-6.2248	3.07062
38.75	119	-6.47146	2.77728
38.5	119	-6.7048	2.57395
38.25	119	-7.01813	2.32728
38	119	-7.1448	1.56395
37.75	119	-7.61146	0.757284
37.5	119	-8.73146	0.207284
37.25	119	-7.68146	-0.239383
40.25	119.25	-1.2848	1.20728
40	119.25	-1.92813	0.857283
39.75	119.25	-2.8848	1.73062
39.5	119.25	-4.23146	2.78728
39.25	119.25	-5.2048	3.03062
39	119.25	-5.7048	2.69062
38.75	119.25	-5.9948	2.34728
38.5	119.25	-6.50813	2.36395
38.25	119.25	-7.26813	2.28728
38	119.25	-7.95813	1.78395
37.75	119.25	-8.70813	0.920617
37.5	119.25	-9.23146	0.270617
37.25	119.25	-8.12146	-0.246049
40.25	119.5	-1.02813	1.03728
40	119.5	-1.64813	0.747284
39.75	119.5	-3.21813	2.15728
39.5	119.5	-4.25813	3.12062
39.25	119.5	-4.7848	2.83395
39	119.5	-5.1648	2.29062
38.75	119.5	-5.7348	2.09395
38.5	119.5	-6.63813	2.28062
38.25	119.5	-7.6548	2.29062
38	119.5	-8.46813	1.70395
37.75	119.5	-8.8548	0.727284
37.5	119.5	-8.82146	-0.0493829
37.25	119.5	-7.7548	-0.442716
40.25	119.75	-0.4548	1.12728
40	119.75	-1.57813	0.987283
39.75	119.75	-3.3848	2.33728
39.5	119.75	-4.09146	2.78395
39.25	119.75	-4.3048	2.29395
39	119.75	-4.67813	1.90395
38.75	119.75	-5.59146	2.04728
38.5	119.75	-6.87813	2.37728
38.25	119.75	-8.06146	2.24395
38	119.75	-8.6548	1.40395
37.75	119.75	-8.5748	0.160617
37.5	119.75	-7.9848	-0.529383
37.25	119.75	-6.9248	-0.766049
40.25	120	-0.628134	1.44395
40	120	-2.20813	1.65728
39.75	120	-3.67813	2.15395
39.5	120	-4.1048	2.08062
39.25	120	-4.01146	1.70395
39	120	-4.4348	1.81062
38.75	120	-5.67813	2.28395
38.5	120	-7.0748	2.44062
38.25	120	-8.09146	2.00395
38	120	-8.47146	0.850617
37.75	120	-7.9348	-0.402716
37.5	120	-6.85813	-0.962717
37.25	120	-5.47813	-0.96605
40.25	120.25	-1.27813	1.84062
40	120.25	-2.89146	2.09395
39.75	120.25	-3.97146	1.99728
39.5	120.25	-4.14813	1.63728
39.25	120.25	-4.00146	1.59728
39	120.25	-4.5348	2.08062
38.75	120.25	-5.86813	2.59395
38.5	120.25	-7.11813	2.38728
38.25	120.25	-7.8848	1.54728
38	120.25	-7.92146	0.350617
37.75	120.25	-6.96813	-0.666049
37.5	120.25	-5.24146	-1.08605
37.25	120.25	-4.91813	-1.40272
40.25	120.5	-1.9448	2.42062
40	120.5	-3.37146	2.59395
39.75	120.5	-4.11146	2.33728
39.5	120.5	-4.2048	1.98395
39.25	120.5	-4.18813	2.05395
39	120.5	-4.86146	2.60728
38.75	120.5	-6.08146	2.75062
38.5	120.5	-7.00813	2.01062
38.25	120.5	-7.2948	0.830617
38	120.5	-7.2848	-0.0493829
37.75	120.5	-6.01813	-0.609383
37.5	120.5	-3.9748	-1.00605
37.25	120.5	-4.8448	-1.83605
40.25	120.75	-2.50146	3.26728
40	120.75	-3.53146	3.39062
39.75	120.75	-4.0248	3.12728
39.5	120.75	-4.21146	2.77728
39.25	120.75	-4.40146	2.70395
39	120.75	-5.14813	2.89728
38.75	120.75	-6.16813	2.55728
38.5	120.75	-6.70813	1.49728
38.25	120.75	-6.64813	0.237284
38	120.75	-6.6048	-0.229383
37.75	120.75	-5.2548	-0.392716
37.5	120.75	-4.12146	-0.912717
37.25	120.75	-4.82813	-1.72938
40.25	121	-2.7148	4.42062
40	121	-3.4548	4.42395
39.75	121	-3.8448	3.94395
39.5	121	-4.1748	3.35395
39.25	121	-4.5448	2.98062
39	121	-5.1048	2.67395
38.75	121	-5.86813	1.95062
38.5	121	-6.18813	0.910617
38.25	121	-6.0048	0.0472837
38	121	-6.16813	0.0572837
37.75	121	-5.63813	0.173951
37.5	121	-4.54146	-0.316049
37.25	121	-4.45146	-1.13605
40.25	121.25	-2.51146	5.27728
40	121.25	-3.27146	5.05728
39.75	121.25	-3.71146	4.19062
39.5	121.25	-4.05813	3.18395
39.25	121.25	-4.49146	2.61395
39	121.25	-4.65813	1.96728
38.75	121.25	-5.1348	1.17395
38.5	121.25	-5.61813	0.513951
38.25	121.25	-5.53146	0.277284
38	121.25	-5.97813	0.640617
37.75	121.25	-6.2148	0.940617
37.5	121.25	-4.7948	0.427284
37.25	121.25	-4.05146	-0.576049
40.25	121.5	-2.02813	5.90062
40	121.5	-3.19813	5.30395
39.75	121.5	-3.61146	3.72728
39.5	121.5	-3.8448	2.37395
39.25	121.5	-4.24146	1.79395
39	121.5	-3.90813	1.18062
38.75	121.5	-4.5048	0.567284
38.5	121.5	-5.00813	0.427284
38.25	121.5	-5.08146	0.717284
38	121.5	-5.87813	1.22395
37.75	121.5	-6.48146	1.51062
37.5	121.5	-5.6048	0.940617
37.25	121.5	-3.87813	-0.449383
40.25	121.75	-1.5448	5.74395
40	121.75	-3.24146	4.82395
39.75	121.75	-3.7648	2.90062
39.5	121.75	-3.63813	1.35728
39.25	121.75	-3.65146	0.920616
39	121.75	-3.29813	0.667284
38.75	121.75	-4.0648	0.520617
38.5	121.75	-4.49813	0.770617
38.25	121.75	-4.88146	1.13728
38	121.75	-5.78813	1.44395
37.75	121.75	-6.55813	1.53395
37.5	121.75	-5.77146	0.837284
37.25	121.75	-4.08146	-0.732716
40.25	122	-1.3448	4.90395
40	122	-3.0848	3.48395
39.75	122	-3.49813	1.61395
39.5	122	-3.5948	0.477284
39.25	122	-3.3048	0.387284
39	122	-3.2748	0.803951
38.75	122	-3.73146	0.967283
38.5	122	-4.28813	1.27728
38.25	122	-4.8248	1.44062
38	122	-5.69813	1.42395
37.75	122	-6.43146	1.13728
37.5	122	-5.64813	0.273951
37.25	122	-4.47813	-1.25272
40.25	122.25	-1.27813	3.27062
40	122.25	-2.34146	1.84395
39.75	122.25	-2.8148	0.307284
39.5	122.25	-3.15146	-0.389383
39.25	122.25	-3.14813	0.143951
39	122.25	-3.1348	1.18395
38.75	122.25	-3.58146	1.52395
38.5	122.25	-4.16813	1.55062
38.25	122.25	-4.82146	1.44395
38	122.25	-5.50146	1.12062
37.75	122.25	-6.12146	0.577284
37.5	122.25	-5.8848	-0.329383
37.25	122.25	-4.80813	-1.63938
