40.25	117.25	0.957458	1.66271
40	117.25	1.32746	0.582707
39.75	117.25	1.51079	0.839374
39.5	117.25	0.980791	1.88604
39.25	117.25	0.00745733	2.35271
39	117.25	-1.36921	2.54937
38.75	117.25	-3.18588	2.61271
38.5	117.25	-3.69921	1.94937
38.25	117.25	-2.47254	1.70271
38	117.25	-1.12921	2.54937
37.75	117.25	-0.779209	3.37937
37.5	117.25	-0.885876	3.06271
37.25	117.25	-0.659209	2.17937
40.25	117.5	1.17412	1.74937
40	117.5	1.30412	0.772707
39.75	117.5	0.774124	1.34604
39.5	117.5	-0.505876	3.03271
39.25	117.5	-1.90588	3.61271
39	117.5	-3.14921	3.17604
38.75	117.5	-5.32588	2.75604
38.5	117.5	-6.22588	1.70937
38.25	117.5	-4.02588	1.08604
38	117.5	-0.829209	1.84271
37.75	117.5	0.387457	2.58271
37.5	117.5	0.124124	2.08604
37.25	117.5	-0.145876	1.05937
40.25	117.75	0.847459	2.05604
40	117.75	0.800791	1.07271
39.75	117.75	-0.125876	2.11937
39.5	117.75	-1.50254	4.02604
39.25	117.75	-2.80588	4.58271
39	117.75	-4.56588	4.12604
38.75	117.75	-6.92921	2.95604
38.5	117.75	-8.05255	1.23271
38.25	117.75	-5.58255	0.332707
38	117.75	-1.26921	0.859374
37.75	117.75	0.907458	1.57937
37.5	117.75	0.574124	1.25937
37.25	117.75	-0.139209	0.526041
40.25	118	0.880792	1.94271
40	118	0.610791	1.06937
39.75	118	-0.259209	2.43271
39.5	118	-1.09254	4.23937
39.25	118	-2.22588	4.81271
39	118	-4.08254	4.34604
38.75	118	-6.26255	2.92937
38.5	118	-8.01254	1.19604
38.25	118	-6.89255	0.139374
38	118	-2.57921	0.766041
37.75	118	-0.212543	1.25271
37.5	118	-0.415876	1.16604
37.25	118	-1.26588	0.716041
40.25	118.25	1.35412	1.22271
40	118.25	0.784124	0.809374
39.75	118.25	0.267457	2.30271
39.5	118.25	0.0974573	3.75604
39.25	118.25	-0.815876	4.26604
39	118.25	-2.84255	4.05604
38.75	118.25	-5.09588	3.07937
38.5	118.25	-7.18921	1.98937
38.25	118.25	-7.40588	1.29937
38	118.25	-4.44254	1.70937
37.75	118.25	-2.52254	1.91937
37.5	118.25	-2.51254	1.75937
37.25	118.25	-3.04588	1.36271
40.25	118.5	1.85745	1.08271
40	118.5	0.674124	0.989375
39.75	118.5	0.467457	2.30271
39.5	118.5	0.907459	3.50604
39.25	118.5	0.0407906	4.02937
39	118.5	-2.07254	4.14604
38.75	118.5	-4.20255	3.54604
38.5	118.5	-6.13255	3.10937
38.25	118.5	-6.99255	3.00937
38	118.5	-5.47254	3.13271
37.75	118.5	-4.41255	2.85937
37.5	118.5	-3.97588	2.25937
37.25	118.5	-4.39921	1.51604
40.25	118.75	1.62746	1.81271
40	118.75	-0.0292093	1.84604
39.75	118.75	-0.0025427	2.77271
39.5	118.75	0.784124	3.93937
39.25	118.75	0.127457	4.54271
39	118.75	-1.70254	4.59937
38.75	118.75	-3.44588	4.05937
38.5	118.75	-4.96588	3.98937
38.25	118.75	-5.85254	4.10604
38	118.75	-5.23588	3.80271
37.75	118.75	-5.01255	3.22271
37.5	118.75	-4.96588	2.12271
37.25	118.75	-4.88588	0.769374
40.25	119	0.950791	2.73271
40	119	-0.862543	2.94271
39.75	119	-0.692543	3.63937
39.5	119	0.360791	4.82604
39.25	119	0.0307906	5.17937
39	119	-1.26254	4.86604
38.75	119	-2.49254	4.17937
38.5	119	-3.66921	4.15937
38.25	119	-4.55588	4.22604
38	119	-4.65921	3.61604
37.75	119	-4.67588	2.48271
37.5	119	-5.17588	0.792707
37.25	119	-4.82254	-1.03396
40.25	119.25	0.827459	3.28271
40	119.25	-0.842543	3.61604
39.75	119.25	-0.625876	4.59604
39.5	119.25	0.197457	5.79937
39.25	119.25	0.110791	5.73937
39	119.25	-0.769209	4.68271
38.75	119.25	-1.69921	3.88604
38.5	119.25	-2.66921	3.61937
38.25	119.25	-3.44921	3.36271
38	119.25	-3.78588	2.47271
37.75	119.25	-3.98254	0.946041
37.5	119.25	-4.16588	-1.23729
37.25	119.25	-3.88254	-3.28729
40.25	119.5	1.09079	3.65604
40	119.5	-0.035876	4.69604
39.75	119.5	0.110791	6.21271
39.5	119.5	0.504124	6.50604
39.25	119.5	0.237457	5.56604
39	119.5	-0.502543	4.20604
38.75	119.5	-1.28588	3.41271
38.5	119.5	-2.12254	2.98604
38.25	119.5	-2.87588	2.34604
38	119.5	-3.42921	1.14271
37.75	119.5	-3.38588	-0.787293
37.5	119.5	-2.98921	-2.99063
37.25	119.5	-2.28255	-4.75063
40.25	119.75	1.29746	4.25604
40	119.75	0.997458	5.66604
39.75	119.75	1.04746	6.65271
39.5	119.75	0.784124	6.11604
39.25	119.75	0.257457	4.86271
39	119.75	-0.422543	3.69937
38.75	119.75	-1.19921	3.03271
38.5	119.75	-2.08254	2.61937
38.25	119.75	-3.10254	1.75604
38	119.75	-3.87588	0.352707
37.75	119.75	-3.76588	-1.61063
37.5	119.75	-2.73255	-3.60729
37.25	119.75	-1.44588	-4.75063
40.25	120	1.63412	5.74937
40	120	1.92412	6.65604
39.75	120	1.59079	6.24604
39.5	120	0.847457	5.24937
39.25	120	0.250791	4.17604
39	120	-0.429209	3.32937
38.75	120	-1.30254	2.92937
38.5	120	-2.38255	2.53604
38.25	120	-3.66254	1.82271
38	120	-4.74255	0.392707
37.75	120	-4.76254	-1.41729
37.5	120	-3.36254	-2.92396
37.25	120	-1.91254	-3.35396
40.25	120.25	2.09746	6.59604
40	120.25	2.37746	6.73937
39.75	120.25	1.71079	5.61271
39.5	120.25	0.937457	4.55271
39.25	120.25	0.350791	3.79937
39	120.25	-0.425876	3.41271
38.75	120.25	-1.46254	3.12604
38.5	120.25	-2.76588	2.81604
38.25	120.25	-4.23921	2.13604
38	120.25	-5.42254	0.969375
37.75	120.25	-5.45588	-0.540626
37.5	120.25	-3.99921	-1.62063
37.25	120.25	-3.29921	-2.09063
40.25	120.5	2.66746	7.10604
40	120.5	2.67079	6.21604
39.75	120.5	2.00412	4.88937
39.5	120.5	1.34079	4.15937
39.25	120.5	0.657457	3.88604
39	120.5	-0.422543	3.81271
38.75	120.5	-1.74588	3.61937
38.5	120.5	-3.06254	3.19604
38.25	120.5	-4.40921	2.37604
38	120.5	-5.44588	1.32604
37.75	120.5	-5.39254	0.0560404
37.5	120.5	-4.08588	-0.950625
37.25	120.5	-4.19588	-1.78063
40.25	120.75	3.33079	6.81604
40	120.75	3.13079	5.21937
39.75	120.75	2.60746	4.11604
39.5	120.75	1.94412	3.91604
39.25	120.75	0.957457	4.13604
39	120.75	-0.555876	4.31271
38.75	120.75	-2.15921	4.10271
38.5	120.75	-3.29588	3.30937
38.25	120.75	-4.18588	2.22604
38	120.75	-4.93588	1.23604
37.75	120.75	-4.61254	0.0593738
37.5	120.75	-4.22921	-1.28729
37.25	120.75	-4.03921	-2.45063
40.25	121	3.94745	5.56937
40	121	3.56412	4.04604
39.75	121	2.97746	3.55271
39.5	121	2.10746	3.89271
39.25	121	0.724124	4.42604
39	121	-0.932541	4.54271
38.75	121	-2.53588	4.07937
38.5	121	-3.44921	3.01271
38.25	121	-3.87921	1.72271
38	121	-4.32255	0.599374
37.75	121	-4.26588	-0.400626
37.5	121	-3.69588	-1.82063
37.25	121	-3.21254	-3.17063
40.25	121.25	3.98079	3.86937
40	121.25	3.21746	3.09604
39.75	121.25	2.25412	3.38937
39.5	121.25	1.02746	4.05271
39.25	121.25	-0.312543	4.49271
39	121.25	-1.60254	4.16604
38.75	121.25	-2.80588	3.50604
38.5	121.25	-3.59588	2.36937
38.25	121.25	-3.73921	0.949374
38	121.25	-4.03921	-0.0939593
37.75	121.25	-4.25255	-0.980625
37.5	121.25	-3.31254	-2.10396
37.25	121.25	-2.61588	-3.41729
40.25	121.5	3.23412	2.95604
40	121.5	1.66412	3.33937
39.75	121.5	0.130791	3.95937
39.5	121.5	-0.962542	4.20271
39.25	121.5	-1.85588	4.28271
39	121.5	-2.34921	3.44604
38.75	121.5	-3.27255	2.85271
38.5	121.5	-3.69588	1.62937
38.25	121.5	-3.78588	0.256041
38	121.5	-4.21588	-0.673959
37.75	121.5	-4.58254	-1.35729
37.5	121.5	-3.97254	-2.30729
37.25	121.5	-2.79921	-3.21729
40.25	121.75	2.08079	3.27271
40	121.75	-0.355876	4.40937
39.75	121.75	-1.99921	4.50604
39.5	121.75	-2.66255	4.01271
39.25	121.75	-2.84254	3.48937
39	121.75	-2.89921	2.78937
38.75	121.75	-3.45921	2.14937
38.5	121.75	-3.74254	0.866041
38.25	121.75	-3.98254	-0.310626
38	121.75	-4.52588	-1.02063
37.75	121.75	-5.10921	-1.50729
37.5	121.75	-4.49588	-2.10063
37.25	121.75	-3.11254	-2.70063
40.25	122	1.22079	4.07604
40	122	-1.50588	5.06937
39.75	122	-3.01588	4.50937
39.5	122	-3.31588	3.39937
39.25	122	-3.19254	2.47604
39	122	-3.24255	1.96604
38.75	122	-3.50254	1.23604
38.5	122	-3.87588	0.172707
38.25	122	-4.32588	-0.783959
38	122	-4.91588	-1.32396
37.75	122	-5.44588	-1.74063
37.5	122	-4.92255	-2.20063
37.25	122	-3.88254	-2.93396
40.25	122.25	0.517457	3.98604
40	122.25	-1.50254	4.15937
39.75	122.25	-2.74921	3.60937
39.5	122.25	-3.15254	2.36937
39.25	122.25	-3.40588	1.49271
39	122.25	-3.46588	0.806041
38.75	122.25	-3.69588	0.166041
38.5	122.25	-4.17921	-0.520626
38.25	122.25	-4.76921	-1.19063
38	122.25	-5.25255	-1.75063
37.75	122.25	-5.62255	-2.14063
37.5	122.25	-5.31588	-2.68729
37.25	122.25	-4.37588	-3.31729
