40.25	117.25	-2.16938	-1.48048
40	117.25	-2.66938	2.07619
39.75	117.25	-1.73938	6.03952
39.5	117.25	-1.44938	6.34952
39.25	117.25	-1.22271	4.22952
39	117.25	-0.259377	2.04619
38.75	117.25	0.800623	1.85285
38.5	117.25	1.78729	4.79285
38.25	117.25	3.20396	8.68951
38	117.25	4.53396	9.94286
37.75	117.25	4.79396	9.04286
37.5	117.25	4.25396	7.93952
37.25	117.25	3.54729	7.08285
40.25	117.5	-0.796043	-0.360478
40	117.5	-1.93938	3.12285
39.75	117.5	-1.95938	6.62952
39.5	117.5	-2.16604	6.77952
39.25	117.5	-2.35604	4.63285
39	117.5	-1.57938	2.54619
38.75	117.5	0.233957	3.07619
38.5	117.5	2.42729	6.41952
38.25	117.5	4.21729	9.38952
38	117.5	4.95729	9.44952
37.75	117.5	4.80396	8.26952
37.5	117.5	3.92062	7.26952
37.25	117.5	3.01729	6.48285
40.25	117.75	-0.0227099	0.739521
40	117.75	-1.28604	3.63952
39.75	117.75	-1.73271	6.62619
39.5	117.75	-2.14604	6.79285
39.25	117.75	-2.78938	5.33285
39	117.75	-2.37271	4.12619
38.75	117.75	0.333957	5.13619
38.5	117.75	3.65062	8.30285
38.25	117.75	5.64396	10.3695
38	117.75	5.49396	9.26286
37.75	117.75	4.81396	7.92619
37.5	117.75	3.87729	7.06619
37.25	117.75	2.97729	6.39619
40.25	118	-0.0227099	1.51952
40	118	-0.956043	3.72619
39.75	118	-1.49604	6.04285
39.5	118	-2.06604	6.48952
39.25	118	-3.07938	6.03952
39	118	-2.86938	5.66952
38.75	118	0.263957	6.70619
38.5	118	4.44396	9.13951
38.25	118	6.56396	10.4462
38	118	6.58062	9.42619
37.75	118	5.36729	7.80619
37.5	118	4.50062	6.97285
37.25	118	3.78396	6.31285
40.25	118.25	-0.22271	1.90619
40	118.25	-0.679377	3.42619
39.75	118.25	-1.32604	5.45619
39.5	118.25	-2.14271	6.16285
39.25	118.25	-3.11938	6.31619
39	118.25	-3.36271	6.71285
38.75	118.25	-0.599377	7.46952
38.5	118.25	3.72062	8.94952
38.25	118.25	6.26729	9.59619
38	118.25	6.48729	8.31285
37.75	118.25	5.97729	6.95619
37.5	118.25	5.62729	6.23619
37.25	118.25	5.06729	5.66285
40.25	118.5	-0.119377	2.27619
40	118.5	-0.59271	3.50619
39.75	118.5	-1.25271	5.25619
39.5	118.5	-2.04938	6.12952
39.25	118.5	-2.87938	6.53619
39	118.5	-3.62604	7.56285
38.75	118.5	-1.88938	8.16619
38.5	118.5	1.37396	8.62619
38.25	118.5	3.87729	8.46619
38	118.5	4.88729	7.12619
37.75	118.5	5.16396	5.51952
37.5	118.5	6.16729	4.92619
37.25	118.5	6.02729	4.59285
40.25	118.75	0.0772899	3.10952
40	118.75	-0.789377	3.87285
39.75	118.75	-0.999376	4.87952
39.5	118.75	-1.60604	6.16952
39.25	118.75	-2.39271	6.83285
39	118.75	-3.26271	8.14619
38.75	118.75	-2.61938	8.83285
38.5	118.75	-0.842711	8.91952
38.25	118.75	0.62729	8.32285
38	118.75	1.37062	6.46619
37.75	118.75	2.96729	5.02619
37.5	118.75	5.38729	4.19952
37.25	118.75	6.26729	3.96285
40.25	119	0.40729	3.40285
40	119	-0.47271	3.48952
39.75	119	-0.366043	4.93619
39.5	119	-0.79271	6.19619
39.25	119	-1.70938	6.94285
39	119	-2.52271	8.30619
38.75	119	-2.48271	8.98619
38.5	119	-1.82271	9.23284
38.25	119	-1.37604	9.03284
38	119	-1.00271	7.85952
37.75	119	0.563957	6.32285
37.5	119	3.60396	5.49952
37.25	119	5.78729	4.79952
40.25	119.25	1.62729	3.11619
40	119.25	0.863956	2.72285
39.75	119.25	0.930624	4.94619
39.5	119.25	0.18729	6.72952
39.25	119.25	-1.13604	7.36952
39	119.25	-1.92604	7.94285
38.75	119.25	-1.97604	8.40619
38.5	119.25	-1.76604	8.86285
38.25	119.25	-1.75271	9.25617
38	119.25	-1.90938	9.03951
37.75	119.25	-0.989376	8.23285
37.5	119.25	1.63062	7.52619
37.25	119.25	4.14062	6.37952
40.25	119.5	3.12396	2.36952
40	119.5	2.56396	2.89952
39.75	119.5	2.36062	6.09285
39.5	119.5	1.03729	7.57952
39.25	119.5	-0.60271	7.46619
39	119.5	-1.47938	7.37619
38.75	119.5	-1.72604	7.55952
38.5	119.5	-1.70271	7.97619
38.25	119.5	-1.72604	8.51619
38	119.5	-1.98604	8.72619
37.75	119.5	-1.62938	8.69952
37.5	119.5	0.0172899	8.53285
37.25	119.5	2.06062	7.40952
40.25	119.75	3.65729	2.57952
40	119.75	3.38062	3.90619
39.75	119.75	3.30396	7.29619
39.5	119.75	1.57396	7.96952
39.25	119.75	-0.106043	7.34619
39	119.75	-1.07938	6.92619
38.75	119.75	-1.57271	6.93619
38.5	119.75	-1.82271	7.22285
38.25	119.75	-1.88938	7.49952
38	119.75	-1.90604	7.66952
37.75	119.75	-1.76938	7.88952
37.5	119.75	-0.956044	7.95285
37.25	119.75	0.443956	6.89952
40.25	120	3.41729	4.13952
40	120	4.57396	6.87285
39.75	120	3.57729	8.25952
39.5	120	1.72729	8.05619
39.25	120	0.330623	7.20952
39	120	-0.606043	6.66285
38.75	120	-1.39604	6.61285
38.5	120	-1.92938	6.77285
38.25	120	-2.01604	6.85619
38	120	-1.91938	6.72619
37.75	120	-1.66271	6.84285
37.5	120	-1.24938	6.62619
37.25	120	-0.32271	5.23619
40.25	120.25	3.69396	6.54952
40	120.25	4.69062	8.45619
39.75	120.25	3.43062	8.66619
39.5	120.25	1.86062	7.89952
39.25	120.25	0.783957	7.04285
39	120.25	-0.15271	6.48619
38.75	120.25	-1.10938	6.33952
38.5	120.25	-1.76938	6.47285
38.25	120.25	-2.04271	6.47952
38	120.25	-1.95271	6.20619
37.75	120.25	-1.49604	5.83285
37.5	120.25	-0.97271	5.02952
37.25	120.25	-0.379377	4.08285
40.25	120.5	4.47396	8.18952
40	120.5	4.46396	8.95619
39.75	120.5	3.24729	8.50619
39.5	120.5	2.07396	7.69952
39.25	120.5	1.18062	6.90952
39	120.5	0.23729	6.20619
38.75	120.5	-0.73271	5.95952
38.5	120.5	-1.48938	6.09285
38.25	120.5	-1.95271	6.11619
38	120.5	-1.96604	5.72619
37.75	120.5	-1.33938	4.81952
37.5	120.5	-0.556043	3.60952
37.25	120.5	-0.30271	3.38285
40.25	120.75	5.16396	8.80952
40	120.75	4.26729	8.75952
39.75	120.75	3.14729	8.18619
39.5	120.75	2.30062	7.52619
39.25	120.75	1.56396	6.74619
39	120.75	0.490623	5.91952
38.75	120.75	-0.35271	5.45285
38.5	120.75	-1.02271	5.58952
38.25	120.75	-1.66938	5.65952
38	120.75	-1.86938	5.28619
37.75	120.75	-1.06938	3.85285
37.5	120.75	-0.269377	3.08619
37.25	120.75	0.0406233	2.93285
40.25	121	5.17396	8.52619
40	121	4.14729	8.36952
39.75	121	3.23729	7.96952
39.5	121	2.55062	7.23619
39.25	121	1.76396	6.27619
39	121	0.723957	5.18952
38.75	121	0.0506233	4.61952
38.5	121	-0.34271	4.91952
38.25	121	-1.08604	5.25285
38	121	-1.65604	4.99952
37.75	121	-1.25938	3.96285
37.5	121	-0.239377	2.90285
37.25	121	0.370623	2.62952
40.25	121.25	4.45396	8.07952
40	121.25	3.65729	7.88285
39.75	121.25	3.06396	7.30952
39.5	121.25	2.49062	6.22285
39.25	121.25	1.88062	5.28285
39	121.25	1.05396	3.85952
38.75	121.25	0.800623	3.46952
38.5	121.25	0.58729	4.09619
38.25	121.25	-0.20271	4.61619
38	121.25	-1.12938	4.61619
37.75	121.25	-1.38938	3.99952
37.5	121.25	-0.529377	2.82952
37.25	121.25	0.480623	2.43285
40.25	121.5	3.34396	7.85952
40	121.5	2.85396	7.30619
39.75	121.5	2.48396	5.93619
39.5	121.5	2.21062	4.52619
39.25	121.5	2.01396	3.82952
39	121.5	1.62396	2.71285
38.75	121.5	1.80062	2.69285
38.5	121.5	1.59396	3.27952
38.25	121.5	0.800623	3.77952
38	121.5	-0.329377	4.00285
37.75	121.5	-1.08604	3.87619
37.5	121.5	-0.79271	3.32952
37.25	121.5	0.503957	2.44619
40.25	121.75	2.09729	7.55619
40	121.75	1.71396	6.37285
39.75	121.75	1.86396	4.46285
39.5	121.75	2.16729	3.07619
39.25	121.75	2.27062	2.45619
39	121.75	2.51729	2.21952
38.75	121.75	2.87396	2.47952
38.5	121.75	2.49396	2.67952
38.25	121.75	1.70396	2.88952
38	121.75	0.620623	3.17952
37.75	121.75	-0.42271	3.59952
37.5	121.75	-0.59271	3.26619
37.25	121.75	0.570623	2.19619
40.25	122	0.897291	6.74952
40	122	0.983957	4.67619
39.75	122	1.70396	2.69952
39.5	122	2.40396	1.60619
39.25	122	2.89729	1.59619
39	122	3.62396	2.23952
38.75	122	3.94396	2.57619
38.5	122	3.23396	2.27285
38.25	122	2.22062	2.04285
38	122	1.48729	2.38285
37.75	122	0.46729	3.01285
37.5	122	-0.18271	3.00285
37.25	122	0.49729	2.12619
40.25	122.25	0.320623	4.47952
40	122.25	1.07062	2.49952
39.75	122.25	2.07062	0.822855
39.5	122.25	3.06396	0.206189
39.25	122.25	3.92396	0.889522
39	122.25	4.78062	2.21952
38.75	122.25	4.77729	2.58619
38.5	122.25	3.66729	2.00619
38.25	122.25	2.63396	1.49285
38	122.25	2.09729	1.56285
37.75	122.25	1.38396	2.26619
37.5	122.25	0.393957	2.61952
37.25	122.25	0.420623	1.92619
