40.25	117.25	2.70983	-5.67792
40	117.25	2.00316	-5.75458
39.75	117.25	0.946493	-6.32792
39.5	117.25	-0.0235051	-6.56458
39.25	117.25	-0.570172	-6.22458
39	117.25	-1.05017	-6.01458
38.75	117.25	-2.08017	-5.85792
38.5	117.25	-3.70684	-4.89125
38.25	117.25	-5.18017	-4.10792
38	117.25	-5.96684	-4.31125
37.75	117.25	-6.48684	-5.05125
37.5	117.25	-7.00351	-5.43458
37.25	117.25	-7.41351	-5.22458
40.25	117.5	3.24316	-5.16458
40	117.5	2.54983	-5.05458
39.75	117.5	1.69316	-5.95792
39.5	117.5	0.803161	-6.48792
39.25	117.5	0.0964947	-6.58458
39	117.5	-0.733505	-5.90125
38.75	117.5	-2.27351	-5.29792
38.5	117.5	-4.18684	-4.50125
38.25	117.5	-5.30017	-4.36125
38	117.5	-5.88017	-4.98792
37.75	117.5	-6.29351	-5.62792
37.5	117.5	-6.63351	-5.76458
37.25	117.5	-6.94017	-5.36458
40.25	117.75	2.65649	-4.93125
40	117.75	2.21316	-4.69125
39.75	117.75	1.80316	-5.61792
39.5	117.75	1.12649	-6.28458
39.25	117.75	0.473161	-6.71458
39	117.75	-0.593505	-6.49458
38.75	117.75	-2.31017	-5.55125
38.5	117.75	-4.16684	-4.56458
38.25	117.75	-5.24351	-5.01792
38	117.75	-5.74351	-5.72792
37.75	117.75	-6.09351	-6.19792
37.5	117.75	-6.25684	-6.11792
37.25	117.75	-6.51684	-5.50458
40.25	118	1.76983	-5.47458
40	118	1.61316	-5.14125
39.75	118	1.40649	-5.73792
39.5	118	1.03316	-6.29125
39.25	118	0.783161	-7.00125
39	118	0.139828	-6.96125
38.75	118	-1.25017	-5.91458
38.5	118	-3.13684	-5.03792
38.25	118	-4.91684	-5.54792
38	118	-5.68351	-6.48792
37.75	118	-5.82684	-6.63125
37.5	118	-5.89351	-6.28125
37.25	118	-6.17351	-5.60458
40.25	118.25	2.09316	-6.00125
40	118.25	1.89983	-6.19125
39.75	118.25	1.45649	-6.18458
39.5	118.25	1.27649	-6.64458
39.25	118.25	1.35316	-7.10125
39	118.25	0.893161	-6.74458
38.75	118.25	-0.656839	-5.71792
38.5	118.25	-2.65017	-5.31125
38.25	118.25	-4.67351	-5.95792
38	118.25	-5.45351	-6.81458
37.75	118.25	-5.55351	-6.91125
37.5	118.25	-5.62351	-6.43792
37.25	118.25	-5.99684	-5.77125
40.25	118.5	3.46649	-6.06792
40	118.5	2.99649	-6.28792
39.75	118.5	2.40649	-6.52792
39.5	118.5	2.09983	-6.95458
39.25	118.5	1.90649	-6.79125
39	118.5	0.809828	-6.01125
38.75	118.5	-1.08017	-5.17125
38.5	118.5	-3.05351	-5.41792
38.25	118.5	-4.85351	-6.39792
38	118.5	-5.39017	-7.32792
37.75	118.5	-5.36017	-7.18458
37.5	118.5	-5.30017	-6.37792
37.25	118.5	-5.97684	-6.20792
40.25	118.75	4.12649	-4.61792
40	118.75	3.96983	-5.17792
39.75	118.75	3.46316	-5.79792
39.5	118.75	2.84316	-6.35125
39.25	118.75	1.89649	-6.15125
39	118.75	-0.0268384	-5.31792
38.75	118.75	-2.09351	-5.07792
38.5	118.75	-3.65684	-5.96458
38.25	118.75	-4.88017	-7.24458
38	118.75	-5.10684	-7.69125
37.75	118.75	-5.23351	-7.78458
37.5	118.75	-5.62684	-7.31792
37.25	118.75	-6.18351	-7.25125
40.25	119	3.52983	-3.11125
40	119	4.07316	-3.49125
39.75	119	3.64316	-4.34458
39.5	119	2.53983	-5.08125
39.25	119	0.866494	-5.13458
39	119	-1.32351	-5.08792
38.75	119	-2.92017	-5.71792
38.5	119	-3.91351	-7.00458
38.25	119	-4.66017	-8.31792
38	119	-5.01684	-8.95792
37.75	119	-5.27017	-8.73458
37.5	119	-6.23684	-8.89792
37.25	119	-6.70017	-8.97458
40.25	119.25	2.52316	-3.04458
40	119.25	3.13316	-2.78458
39.75	119.25	2.51983	-3.30125
39.5	119.25	1.16983	-4.28792
39.25	119.25	-0.630172	-5.04792
39	119.25	-2.10351	-5.77458
38.75	119.25	-2.95684	-6.91125
38.5	119.25	-3.58351	-8.22458
38.25	119.25	-4.14684	-9.33458
38	119.25	-4.74017	-9.88793
37.75	119.25	-5.37351	-9.85459
37.5	119.25	-6.30351	-9.84793
37.25	119.25	-6.66017	-10.2113
40.25	119.5	1.92983	-4.21125
40	119.5	1.87649	-3.40125
39.75	119.5	1.14983	-3.79458
39.5	119.5	0.059828	-4.87792
39.25	119.5	-1.10684	-5.84458
39	119.5	-1.95351	-6.99125
38.75	119.5	-2.42351	-8.16792
38.5	119.5	-2.97351	-9.23792
38.25	119.5	-3.65017	-9.92459
38	119.5	-4.42017	-10.1513
37.75	119.5	-5.33351	-10.0813
37.5	119.5	-6.25684	-10.3379
37.25	119.5	-6.34684	-10.7613
40.25	119.75	1.76983	-5.90792
40	119.75	1.19983	-5.00792
39.75	119.75	0.689828	-5.49792
39.5	119.75	0.0964947	-6.23458
39.25	119.75	-0.580172	-7.02458
39	119.75	-1.14351	-8.02792
38.75	119.75	-1.70684	-9.00125
38.5	119.75	-2.48017	-9.81459
38.25	119.75	-3.43017	-10.2513
38	119.75	-4.32684	-10.2846
37.75	119.75	-5.39351	-10.2679
37.5	119.75	-6.10017	-10.4979
37.25	119.75	-5.63017	-10.4613
40.25	120	1.97649	-6.79458
40	120	1.47316	-6.77792
39.75	120	1.10983	-6.94458
39.5	120	0.646495	-7.25458
39.25	120	0.0331616	-7.87458
39	120	-0.550172	-8.65792
38.75	120	-1.32684	-9.47458
38.5	120	-2.37017	-10.1046
38.25	120	-3.27017	-10.4779
38	120	-4.24351	-10.5013
37.75	120	-5.26017	-10.4046
37.5	120	-5.50351	-10.3346
37.25	120	-4.32017	-9.07792
40.25	120.25	2.27649	-6.63125
40	120.25	1.88983	-7.09792
39.75	120.25	1.40649	-7.30458
39.5	120.25	0.803161	-7.59125
39.25	120.25	0.136495	-8.25458
39	120.25	-0.560172	-9.04458
38.75	120.25	-1.51017	-9.80793
38.5	120.25	-2.40017	-10.4279
38.25	120.25	-3.18017	-10.8013
38	120.25	-4.03017	-10.7146
37.75	120.25	-4.70017	-10.2446
37.5	120.25	-4.20351	-9.04458
37.25	120.25	-3.29684	-8.46792
40.25	120.5	1.83316	-6.04792
40	120.5	1.61316	-6.70458
39.75	120.5	1.08983	-7.19125
39.5	120.5	0.496495	-7.83125
39.25	120.5	-0.173505	-8.66792
39	120.5	-0.946839	-9.62125
38.75	120.5	-1.72684	-10.4613
38.5	120.5	-2.38684	-10.9546
38.25	120.5	-2.86351	-11.2179
38	120.5	-3.43684	-10.8479
37.75	120.5	-3.71351	-9.68126
37.5	120.5	-3.14017	-8.24792
37.25	120.5	-2.91684	-8.22125
40.25	120.75	0.939827	-5.90458
40	120.75	0.856495	-6.62458
39.75	120.75	0.523161	-7.48458
39.5	120.75	0.0864947	-8.46792
39.25	120.75	-0.483505	-9.52792
39	120.75	-1.15684	-10.4779
38.75	120.75	-1.63017	-11.1446
38.5	120.75	-1.89684	-11.5179
38.25	120.75	-2.13017	-11.5046
38	120.75	-2.45351	-10.9179
37.75	120.75	-2.36684	-8.99458
37.5	120.75	-2.42351	-8.36792
37.25	120.75	-2.62017	-8.30458
40.25	121	0.396495	-6.51458
40	121	0.276495	-7.28792
39.75	121	0.126495	-8.28125
39.5	121	-0.103505	-9.46458
39.25	121	-0.466839	-10.4746
39	121	-0.923505	-11.0313
38.75	121	-1.00684	-11.3346
38.5	121	-1.00017	-11.5979
38.25	121	-1.20017	-11.5013
38	121	-1.44351	-10.7679
37.75	121	-1.46351	-9.41458
37.5	121	-1.70017	-8.30125
37.25	121	-2.04351	-8.17125
40.25	121.25	0.509828	-6.98125
40	121.25	0.276495	-7.85792
39.75	121.25	0.156495	-9.00458
39.5	121.25	0.199828	-10.0013
39.25	121.25	0.0431616	-10.8013
39	121.25	-0.123505	-10.6679
38.75	121.25	0.0431616	-10.2179
38.5	121.25	-0.113505	-11.0679
38.25	121.25	-0.473505	-11.0846
38	121.25	-0.810172	-10.5179
37.75	121.25	-0.99684	-9.69458
37.5	121.25	-1.23017	-7.92125
37.25	121.25	-1.43684	-8.15792
40.25	121.5	1.56983	-7.02125
40	121.5	1.09649	-8.10458
39.75	121.5	0.946493	-8.91125
39.5	121.5	0.913161	-9.30791
39.25	121.5	0.919828	-10.2879
39	121.5	0.879828	-9.22458
38.75	121.5	0.769828	-9.53791
38.5	121.5	0.453161	-10.4979
38.25	121.5	-0.203505	-10.5646
38	121.5	-0.596839	-10.0913
37.75	121.5	-0.726839	-9.43125
37.5	121.5	-0.913505	-8.42125
37.25	121.5	-0.693505	-7.57792
40.25	121.75	2.90983	-6.35792
40	121.75	2.42983	-7.99792
39.75	121.75	1.91649	-8.73792
39.5	121.75	1.73649	-8.95125
39.25	121.75	1.67316	-9.14458
39	121.75	1.55316	-8.74458
38.75	121.75	1.24983	-9.76793
38.5	121.75	0.609828	-10.2279
38.25	121.75	-0.0368384	-10.1346
38	121.75	-0.423505	-9.79126
37.75	121.75	-0.443505	-9.31125
37.5	121.75	-0.240172	-8.02458
37.25	121.75	0.143161	-6.74125
40.25	122	3.76316	-6.24458
40	122	3.25316	-8.08458
39.75	122	2.86983	-8.83125
39.5	122	2.57649	-8.75458
39.25	122	2.38649	-8.54458
39	122	2.03983	-9.06125
38.75	122	1.51316	-9.76793
38.5	122	0.659828	-9.86459
38.25	122	0.0531616	-9.70458
38	122	-0.246839	-9.60792
37.75	122	-0.160172	-9.40792
37.5	122	0.329828	-8.51458
37.25	122	0.699828	-8.71458
40.25	122.25	3.20316	-6.68125
40	122.25	3.61983	-8.23792
39.75	122.25	3.41649	-8.49125
39.5	122.25	2.99983	-8.23458
39.25	122.25	2.88316	-8.83125
39	122.25	2.41316	-9.19125
38.75	122.25	1.60649	-9.31125
38.5	122.25	0.723161	-9.26792
38.25	122.25	0.146495	-9.27458
38	122.25	-0.0501717	-9.52125
37.75	122.25	0.0231616	-9.74125
37.5	122.25	0.353161	-9.63126
37.25	122.25	0.616495	-9.50459
