40.25	117.25	1.19437	2.3619
40	117.25	1.50437	3.68857
39.75	117.25	2.70437	2.32857
39.5	117.25	3.76103	0.518568
39.25	117.25	4.20437	0.265235
39	117.25	4.5377	1.2019
38.75	117.25	4.7677	1.71857
38.5	117.25	4.49437	1.2119
38.25	117.25	4.03437	0.708568
38	117.25	3.60103	1.16857
37.75	117.25	3.37437	2.3319
37.5	117.25	3.7377	3.4619
37.25	117.25	4.22103	3.76857
40.25	117.5	1.9477	2.6819
40	117.5	1.9477	2.94523
39.75	117.5	2.97437	0.801901
39.5	117.5	3.8177	-0.528099
39.25	117.5	3.96437	0.0752344
39	117.5	4.1777	1.21857
38.75	117.5	4.11437	1.5919
38.5	117.5	4.10437	0.951902
38.25	117.5	4.02437	0.771901
38	117.5	3.19103	1.69523
37.75	117.5	2.46103	2.6419
37.5	117.5	2.94103	2.87857
37.25	117.5	3.99103	2.5419
40.25	117.75	2.0077	3.37857
40	117.75	2.24437	2.0419
39.75	117.75	2.8277	-0.738099
39.5	117.75	3.0277	-0.884765
39.25	117.75	2.6477	1.33523
39	117.75	2.07103	3.01857
38.75	117.75	1.80437	2.69857
38.5	117.75	2.42103	1.40523
38.25	117.75	3.75103	1.3319
38	117.75	2.86103	2.37857
37.75	117.75	1.81437	2.88523
37.5	117.75	2.06103	2.2119
37.25	117.75	3.2477	1.33523
40.25	118	2.3877	3.65523
40	118	2.95437	1.03523
39.75	118	2.84437	-1.63477
39.5	118	2.3777	-0.138099
39.25	118	1.36437	3.67857
39	118	0.314369	5.56524
38.75	118	-0.00896403	4.3619
38.5	118	0.567703	2.1819
38.25	118	2.35103	1.51857
38	118	3.5977	2.55523
37.75	118	2.46103	2.5619
37.5	118	2.18103	1.3619
37.25	118	2.78437	0.255235
40.25	118.25	3.3877	3.14523
40	118.25	3.6877	0.105235
39.75	118.25	3.33103	-1.78143
39.5	118.25	2.61437	0.888568
39.25	118.25	1.52103	5.07857
39	118.25	0.511036	6.7519
38.75	118.25	-0.0922974	5.1019
38.5	118.25	-0.272297	2.45523
38.25	118.25	1.33103	0.951902
38	118.25	3.7877	1.3519
37.75	118.25	3.92437	1.42523
37.5	118.25	3.26437	0.571901
37.25	118.25	2.7477	-0.204765
40.25	118.5	4.2977	2.4519
40	118.5	4.24103	-0.508099
39.75	118.5	3.65437	-1.71143
39.5	118.5	3.2477	1.45523
39.25	118.5	2.5377	5.17857
39	118.5	1.98437	6.52523
38.75	118.5	0.914369	4.78857
38.5	118.5	-0.365631	2.27523
38.25	118.5	-0.105631	0.255235
38	118.5	2.8377	0.405235
37.75	118.5	3.55437	0.765235
37.5	118.5	2.92103	0.745235
37.25	118.5	1.5977	0.468568
40.25	118.75	4.60103	2.0819
40	118.75	4.50437	-0.781432
39.75	118.75	3.8677	-1.6281
39.5	118.75	3.70437	1.7119
39.25	118.75	3.73103	4.92857
39	118.75	3.71437	5.63857
38.75	118.75	2.3677	4.1619
38.5	118.75	-0.352297	2.29857
38.25	118.75	-1.9523	0.821901
38	118.75	-0.492297	0.875235
37.75	118.75	0.284369	1.83857
37.5	118.75	-0.238964	2.35523
37.25	118.75	-1.2523	1.98523
40.25	119	4.74437	1.6719
40	119	4.88103	-1.03476
39.75	119	4.20437	-1.5081
39.5	119	4.2277	1.9619
39.25	119	4.9577	4.6319
39	119	5.33103	4.67857
38.75	119	3.79103	3.42523
38.5	119	0.187703	2.58523
38.25	119	-2.88897	2.2519
38	119	-3.24563	2.8519
37.75	119	-3.13563	3.8519
37.5	119	-3.9523	4.19857
37.25	119	-3.9423	3.1219
40.25	119.25	5.7177	0.971902
40	119.25	5.6777	-1.16477
39.75	119.25	4.88103	-1.22143
39.5	119.25	5.2777	2.2419
39.25	119.25	6.67103	4.59857
39	119.25	6.84103	3.7919
38.75	119.25	5.24437	2.56523
38.5	119.25	1.68103	2.48857
38.25	119.25	-1.80897	3.0919
38	119.25	-3.28897	4.10857
37.75	119.25	-3.93897	4.88857
37.5	119.25	-4.67563	4.43523
37.25	119.25	-4.65563	2.7319
40.25	119.5	6.62103	0.618568
40	119.5	6.43103	-0.874765
39.75	119.5	6.23437	-0.998098
39.5	119.5	7.0477	2.14857
39.25	119.5	8.06437	4.1719
39	119.5	8.1377	3.00523
38.75	119.5	6.6777	1.64857
38.5	119.5	3.65437	1.77523
38.25	119.5	0.387703	2.71523
38	119.5	-1.36563	3.60857
37.75	119.5	-2.19563	3.9619
37.5	119.5	-2.99563	3.16523
37.25	119.5	-3.37897	1.4219
40.25	119.75	6.3177	0.881901
40	119.75	6.9477	-0.484765
39.75	119.75	7.3577	-1.04476
39.5	119.75	8.03437	1.6819
39.25	119.75	8.97437	3.5519
39	119.75	8.9977	2.39523
38.75	119.75	7.7677	0.875235
38.5	119.75	5.3377	0.761901
38.25	119.75	2.4577	1.52523
38	119.75	0.554369	2.23523
37.75	119.75	-0.418964	2.44523
37.5	119.75	-1.19563	1.70523
37.25	119.75	-1.66897	0.168568
40.25	120	5.84103	1.05523
40	120	8.37103	-0.618099
39.75	120	8.22103	-1.47143
39.5	120	8.60103	0.965233
39.25	120	9.39103	2.9119
39	120	9.40103	2.04857
38.75	120	8.34103	0.455235
38.5	120	6.31103	-0.0580988
38.25	120	3.7977	0.265235
38	120	1.80437	0.805235
37.75	120	0.627703	1.13523
37.5	120	0.0310359	0.571901
37.25	120	-0.115631	-0.741432
40.25	120.25	6.4277	0.851901
40	120.25	9.06103	-0.971432
39.75	120.25	8.99437	-2.00477
39.5	120.25	9.01103	0.0985678
39.25	120.25	9.5777	2.23523
39	120.25	9.50437	1.89857
38.75	120.25	8.45437	0.421901
38.5	120.25	6.6477	-0.501432
38.25	120.25	4.51437	-0.701432
38	120.25	2.5777	-0.361432
37.75	120.25	1.35437	0.031901
37.5	120.25	0.894369	-0.418099
37.25	120.25	0.947701	-1.56143
40.25	120.5	8.1277	0.645235
40	120.5	9.77769	-1.2581
39.75	120.5	9.63104	-2.4181
39.5	120.5	9.4277	-0.851432
39.25	120.5	9.72102	1.45857
39	120.5	9.45437	1.7619
38.75	120.5	8.30103	0.548568
38.5	120.5	6.60103	-0.638099
38.25	120.5	4.81437	-1.29477
38	120.5	3.31437	-1.3081
37.75	120.5	2.23103	-1.06143
37.5	120.5	1.6977	-1.40477
37.25	120.5	1.70103	-2.24143
40.25	120.75	9.76769	0.215235
40	120.75	10.3677	-1.46143
39.75	120.75	10.061	-2.68477
39.5	120.75	9.78769	-1.68477
39.25	120.75	9.79769	0.601901
39	120.75	9.25437	1.42857
38.75	120.75	7.9977	0.501901
38.5	120.75	6.4477	-0.781432
38.25	120.75	5.0277	-1.70143
38	120.75	4.10103	-2.07143
37.75	120.75	3.02437	-1.97477
37.5	120.75	2.46103	-2.34143
37.25	120.75	2.16437	-2.7281
40.25	121	10.681	-0.238099
40	121	10.781	-1.4981
39.75	121	10.3777	-2.6281
39.5	121	9.85102	-2.09143
39.25	121	9.70769	-0.231432
39	121	8.78437	0.761901
38.75	121	7.54437	0.0419011
38.5	121	6.3777	-1.1881
38.25	121	5.36437	-2.1481
38	121	4.8277	-2.6781
37.75	121	4.0177	-2.81477
37.5	121	2.8577	-2.9281
37.25	121	2.16437	-3.04477
40.25	121.25	10.481	0.0919011
40	121.25	10.4844	-0.854765
39.75	121.25	9.86769	-1.81477
39.5	121.25	9.29104	-1.8281
39.25	121.25	9.38103	-0.948098
39	121.25	8.10437	-0.268099
38.75	121.25	6.96437	-0.828099
38.5	121.25	6.4877	-1.79477
38.25	121.25	5.83103	-2.5981
38	121.25	5.4277	-3.09143
37.75	121.25	4.75437	-3.30143
37.5	121.25	3.02437	-3.11477
37.25	121.25	1.80437	-3.26143
40.25	121.5	9.40102	1.77857
40	121.5	9.07437	0.861901
39.75	121.5	8.0177	-0.204765
39.5	121.5	7.55437	-0.818098
39.25	121.5	8.6777	-1.31143
39	121.5	7.21437	-1.40143
38.75	121.5	6.8977	-1.68477
38.5	121.5	6.82103	-2.35143
38.25	121.5	6.37437	-2.93143
38	121.5	5.90103	-3.25143
37.75	121.5	5.14437	-3.32477
37.5	121.5	3.50103	-3.36143
37.25	121.5	1.4777	-3.1781
40.25	121.75	8.29437	4.1319
40	121.75	7.53103	2.67523
39.75	121.75	6.29103	1.23857
39.5	121.75	6.18437	0.205235
39.25	121.75	7.0877	-1.04476
39	121.75	6.81103	-1.7881
38.75	121.75	7.08437	-2.12477
38.5	121.75	7.2877	-2.58477
38.25	121.75	6.9077	-2.98143
38	121.75	6.2377	-3.1781
37.75	121.75	5.36103	-3.14477
37.5	121.75	3.64103	-3.05477
37.25	121.75	1.3977	-2.71477
40.25	122	7.61103	5.57857
40	122	6.6877	3.23857
39.75	122	5.82103	1.84857
39.5	122	5.68437	0.721901
39.25	122	6.28103	-0.788098
39	122	7.21103	-1.9081
38.75	122	7.7377	-2.23143
38.5	122	7.8177	-2.44477
38.25	122	7.3177	-2.74143
38	122	6.44103	-2.94477
37.75	122	5.4377	-2.90143
37.5	122	3.77103	-2.75477
37.25	122	1.7077	-2.52477
40.25	122.25	7.03437	4.47857
40	122.25	6.7177	2.7119
39.75	122.25	6.0577	1.78523
39.5	122.25	6.0477	0.698568
39.25	122.25	7.74103	-1.0981
39	122.25	8.34103	-2.0181
38.75	122.25	8.38103	-2.00143
38.5	122.25	8.18103	-2.01143
38.25	122.25	7.53437	-2.36143
38	122.25	6.5577	-2.7181
37.75	122.25	5.5677	-2.78143
37.5	122.25	4.25103	-2.78143
37.25	122.25	2.3477	-2.58143
