40.25	117.25	-1.06977	-1.58383
40	117.25	0.073564	0.116169
39.75	117.25	1.43023	2.87283
39.5	117.25	1.19023	3.21617
39.25	117.25	0.716898	2.79283
39	117.25	0.863566	3.0595
38.75	117.25	0.620231	3.0395
38.5	117.25	-0.409769	2.70617
38.25	117.25	-0.643103	3.5395
38	117.25	1.0369	5.25617
37.75	117.25	2.91023	6.62283
37.5	117.25	3.3569	6.93617
37.25	117.25	2.97023	6.38617
40.25	117.5	0.793564	-2.08383
40	117.5	0.293564	-0.757164
39.75	117.5	0.660231	2.0795
39.5	117.5	0.880232	2.9795
39.25	117.5	0.980232	2.76283
39	117.5	1.22357	2.8795
38.75	117.5	0.990232	2.86283
38.5	117.5	0.0568971	2.6195
38.25	117.5	-0.139769	3.40617
38	117.5	1.41023	4.95617
37.75	117.5	3.3169	6.0695
37.5	117.5	4.10023	6.20283
37.25	117.5	3.9369	5.63283
40.25	117.75	1.56023	-1.7405
40	117.75	0.116897	-0.833831
39.75	117.75	-0.239769	2.0095
39.5	117.75	0.293564	3.4995
39.25	117.75	0.873566	3.72617
39	117.75	1.19357	4.0195
38.75	117.75	0.900232	3.71283
38.5	117.75	0.220231	3.07617
38.25	117.75	0.413564	3.48617
38	117.75	1.96357	4.5795
37.75	117.75	3.68023	5.3195
37.5	117.75	4.52023	5.14617
37.25	117.75	4.60023	4.55283
40.25	118	1.73357	-1.2505
40	118	0.136897	-0.293831
39.75	118	-0.583103	2.64617
39.5	118	0.063564	4.55283
39.25	118	0.743564	5.2995
39	118	0.690231	5.7095
38.75	118	-0.0431028	5.12283
38.5	118	-0.659769	4.00283
38.25	118	-0.116436	3.66617
38	118	1.62023	4.07283
37.75	118	3.0369	4.2695
37.5	118	3.62357	3.82617
37.25	118	3.89023	3.15283
40.25	118.25	2.0769	-0.847164
40	118.25	0.650231	0.359502
39.75	118.25	-0.186436	3.30617
39.5	118.25	0.453564	5.31283
39.25	118.25	0.863564	6.12283
39	118.25	0.120231	6.8695
38.75	118.25	-1.32643	6.57617
38.5	118.25	-2.19643	5.40283
38.25	118.25	-1.9331	4.42283
38	118.25	-0.483103	3.8595
37.75	118.25	0.580231	3.72283
37.5	118.25	0.823564	3.2895
37.25	118.25	1.18357	2.70617
40.25	118.5	2.61357	-0.730497
40	118.5	1.05357	0.872834
39.75	118.5	0.466897	3.86283
39.5	118.5	1.25357	5.52617
39.25	118.5	1.4169	6.07617
39	118.5	0.0035639	7.45283
38.75	118.5	-1.90977	7.78617
38.5	118.5	-3.12977	7.06617
38.25	118.5	-3.44643	5.9395
38	118.5	-2.6731	4.81617
37.75	118.5	-2.02643	4.45617
37.5	118.5	-1.91643	4.1895
37.25	118.5	-1.74977	3.99617
40.25	118.75	2.64023	-0.573831
40	118.75	1.0969	1.0395
39.75	118.75	1.07023	3.8795
39.5	118.75	2.21357	5.18617
39.25	118.75	2.20357	5.73617
39	118.75	0.706897	7.50283
38.75	118.75	-1.3331	8.5095
38.5	118.75	-2.68977	8.3195
38.25	118.75	-3.27977	7.3695
38	118.75	-3.16977	6.0195
37.75	118.75	-3.06977	5.91283
37.5	118.75	-3.19643	6.11283
37.25	118.75	-3.2531	5.9295
40.25	119	2.49357	-0.380498
40	119	1.30357	0.719501
39.75	119	1.8469	3.35283
39.5	119	3.3169	4.63617
39.25	119	3.3269	5.21617
39	119	1.80023	7.19283
38.75	119	-0.183103	8.6595
38.5	119	-1.32643	8.75617
38.25	119	-1.93977	8.04283
38	119	-2.2831	7.1695
37.75	119	-2.50643	6.93617
37.5	119	-3.0031	7.47617
37.25	119	-3.2431	6.98283
40.25	119.25	3.52023	-0.470498
40	119.25	2.3769	0.216169
39.75	119.25	3.1469	3.0095
39.5	119.25	4.76357	4.27617
39.25	119.25	4.83357	4.80283
39	119.25	3.05023	6.53283
38.75	119.25	1.17023	8.22284
38.5	119.25	0.216897	8.39617
38.25	119.25	-0.373103	7.6995
38	119.25	-0.996434	7.10283
37.75	119.25	-1.55643	6.99283
37.5	119.25	-2.13977	7.11283
37.25	119.25	-2.74643	6.6195
40.25	119.5	5.0669	-0.510498
40	119.5	3.86023	0.269502
39.75	119.5	5.0769	3.1895
39.5	119.5	6.4669	3.9895
39.25	119.5	6.10023	3.95617
39	119.5	4.3669	5.53617
38.75	119.5	2.5069	7.38617
38.5	119.5	1.5069	7.6695
38.25	119.5	0.803564	6.9195
38	119.5	-0.0631029	6.16283
37.75	119.5	-0.953102	5.8195
37.5	119.5	-1.8031	5.94283
37.25	119.5	-2.55977	5.71617
40.25	119.75	5.83023	-0.0304978
40	119.75	5.25023	0.742834
39.75	119.75	6.65357	2.91617
39.5	119.75	7.4869	3.1495
39.25	119.75	7.2369	2.8495
39	119.75	5.65357	4.22283
38.75	119.75	3.81357	6.2195
38.5	119.75	2.54023	6.80617
38.25	119.75	1.5669	6.14617
38	119.75	0.420231	5.26617
37.75	119.75	-0.919768	4.80617
37.5	119.75	-2.09977	4.9695
37.25	119.75	-2.60977	4.83283
40.25	120	6.42023	0.749501
40	120	7.73023	1.1895
39.75	120	7.7569	2.25283
39.5	120	8.0769	2.2695
39.25	120	8.10357	1.72283
39	120	6.8869	2.72617
38.75	120	5.10023	4.74617
38.5	120	3.48023	5.80617
38.25	120	2.1669	5.48617
38	120	0.683564	4.7295
37.75	120	-1.1131	4.31283
37.5	120	-2.4131	4.26283
37.25	120	-2.12643	3.61283
40.25	120.25	7.26357	1.4995
40	120.25	9.29357	1.15283
39.75	120.25	8.68357	1.55283
39.5	120.25	8.5369	1.5095
39.25	120.25	8.67357	0.836169
39	120.25	7.95357	1.2195
38.75	120.25	6.30023	3.04617
38.5	120.25	4.4269	4.5795
38.25	120.25	2.7769	4.8295
38	120.25	1.07023	4.4295
37.75	120.25	-0.953102	4.1095
37.5	120.25	-1.8631	3.2995
37.25	120.25	-1.44643	2.4095
40.25	120.5	9.32356	2.1195
40	120.5	10.4469	0.949502
39.75	120.5	9.38357	0.946169
39.5	120.5	9.0669	0.932836
39.25	120.5	8.9569	0.349502
39	120.5	8.40357	0.226169
38.75	120.5	7.21357	1.42617
38.5	120.5	5.3169	3.1895
38.25	120.5	3.44023	4.0295
38	120.5	1.65357	4.04283
37.75	120.5	-0.156436	3.67617
37.5	120.5	-0.826436	2.36617
37.25	120.5	-0.846436	1.46283
40.25	120.75	11.3002	2.1295
40	120.75	11.0636	0.626169
39.75	120.75	9.86356	0.472836
39.5	120.75	9.3069	0.679502
39.25	120.75	9.09357	0.312836
39	120.75	8.56023	-0.190498
38.75	120.75	7.6269	0.296169
38.5	120.75	5.9069	1.87617
38.25	120.75	4.0869	2.99283
38	120.75	2.5169	3.27617
37.75	120.75	0.956899	2.7095
37.5	120.75	0.250231	1.8595
37.25	120.75	-0.176436	0.839501
40.25	121	12.3502	1.68283
40	121	11.5502	0.179502
39.75	121	9.98022	0.226169
39.5	121	9.33356	0.799502
39.25	121	9.2369	0.702836
39	121	8.30357	0.132836
38.75	121	7.2769	-0.00383137
38.5	121	6.20023	0.819502
38.25	121	4.76357	1.70283
38	121	3.45023	2.01283
37.75	121	2.16357	1.88283
37.5	121	1.1069	1.25283
37.25	121	0.486897	0.432836
40.25	121.25	12.1502	1.53617
40	121.25	11.4336	0.0095021
39.75	121.25	9.78356	0.132835
39.5	121.25	9.22689	0.876169
39.25	121.25	9.4169	1.0795
39	121.25	8.0269	0.662836
38.75	121.25	6.77023	0.132836
38.5	121.25	6.50357	0.0795021
38.25	121.25	5.35023	0.402836
38	121.25	4.2669	0.529502
37.75	121.25	3.18357	0.622836
37.5	121.25	1.72023	0.502836
37.25	121.25	0.913566	-0.053831
40.25	121.5	11.6069	1.7095
40	121.5	10.3836	0.336169
39.75	121.5	8.38357	0.309502
39.5	121.5	7.98023	0.952835
39.25	121.5	9.3669	1.19283
39	121.5	7.4869	0.976168
38.75	121.5	6.98357	0.566169
38.5	121.5	6.8969	-0.210498
38.25	121.5	5.85357	-0.593831
38	121.5	4.86357	-0.767164
37.75	121.5	3.99023	-0.647164
37.5	121.5	2.63357	-0.353831
37.25	121.5	1.26023	-0.620498
40.25	121.75	11.0102	2.26283
40	121.75	9.15689	0.916169
39.75	121.75	6.9869	0.516169
39.5	121.75	6.9169	1.0295
39.25	121.75	7.93357	1.3495
39	121.75	7.65023	1.3695
38.75	121.75	7.7869	0.906169
38.5	121.75	7.46357	-0.293831
38.25	121.75	6.29357	-1.15383
38	121.75	5.30357	-1.64717
37.75	121.75	4.71023	-1.6505
37.5	121.75	3.4969	-1.2205
37.25	121.75	1.6769	-1.05383
40.25	122	9.89022	2.84283
40	122	7.9369	1.21617
39.75	122	6.46023	0.612836
39.5	122	6.35023	1.05283
39.25	122	7.40023	1.42283
39	122	8.64023	1.4295
38.75	122	8.97023	0.759502
38.5	122	8.1169	-0.477164
38.25	122	6.77023	-1.5405
38	122	5.79357	-2.25717
37.75	122	5.3669	-2.41383
37.5	122	4.32023	-1.95717
37.25	122	2.3269	-1.47717
40.25	122.25	7.84357	2.68617
40	122.25	7.25357	1.0695
39.75	122.25	6.31357	0.756169
39.5	122.25	6.51357	1.13283
39.25	122.25	8.8569	0.992835
39	122.25	9.91022	0.746169
38.75	122.25	9.60357	0.109502
38.5	122.25	8.52023	-0.933833
38.25	122.25	7.21357	-1.9705
38	122.25	6.30357	-2.77383
37.75	122.25	5.97357	-3.03383
37.5	122.25	5.21357	-2.70717
37.25	122.25	3.11357	-1.88383
