40.25	117.25	-0.648699	-2.62438
40	117.25	-1.5787	-2.21105
39.75	117.25	-0.852033	-1.97105
39.5	117.25	1.41464	0.038951
39.25	117.25	2.2213	3.68562
39	117.25	2.1513	5.75229
38.75	117.25	2.97464	6.12895
38.5	117.25	3.98797	6.12562
38.25	117.25	4.09464	6.26895
38	117.25	3.9513	6.45562
37.75	117.25	3.92797	6.50895
37.5	117.25	3.74464	6.23562
37.25	117.25	3.34464	5.74562
40.25	117.5	1.00797	-2.52772
40	117.5	-0.892032	-2.04438
39.75	117.5	-1.0387	-2.35438
39.5	117.5	0.991303	-0.861048
39.25	117.5	2.4013	3.19228
39	117.5	2.9913	5.64562
38.75	117.5	4.3513	6.12228
38.5	117.5	5.09797	5.93562
38.25	117.5	4.91797	5.93895
38	117.5	4.57797	6.13562
37.75	117.5	4.39797	6.22895
37.5	117.5	4.02464	5.94228
37.25	117.5	3.3313	5.47895
40.25	117.75	1.19797	-2.07105
40	117.75	-0.782033	-1.50772
39.75	117.75	-0.992032	-2.24105
39.5	117.75	0.914636	-0.911048
39.25	117.75	2.57797	3.55562
39	117.75	3.81797	6.69562
38.75	117.75	5.4713	6.71895
38.5	117.75	6.3913	5.98228
38.25	117.75	5.7113	5.64228
38	117.75	4.67797	5.55895
37.75	117.75	4.40464	5.74562
37.5	117.75	4.19797	5.62895
37.25	117.75	3.64797	5.44895
40.25	118	0.391301	-1.83438
40	118	-0.838699	-1.23438
39.75	118	-0.548699	-1.77772
39.5	118	1.1113	-0.0243824
39.25	118	2.5413	4.88562
39	118	3.8913	8.02562
38.75	118	5.99797	7.50228
38.5	118	6.87797	6.18228
38.25	118	5.8713	5.57562
38	118	4.02464	5.11562
37.75	118	3.60797	5.05229
37.5	118	3.8913	4.99562
37.25	118	3.92797	5.06229
40.25	118.25	-0.0386995	-2.00772
40	118.25	-0.398699	-1.13772
39.75	118.25	0.124634	-1.10105
39.5	118.25	1.30464	1.22895
39.25	118.25	2.1513	6.01895
39	118.25	3.24797	9.01562
38.75	118.25	4.98464	8.30562
38.5	118.25	6.08797	6.81562
38.25	118.25	4.84797	5.88895
38	118.25	2.4813	4.88228
37.75	118.25	2.3313	4.44562
37.5	118.25	3.11797	4.08562
37.25	118.25	3.73797	4.08228
40.25	118.5	0.244634	-2.12772
40	118.5	0.0013005	-1.16438
39.75	118.5	0.584634	-0.434382
39.5	118.5	1.4813	2.35228
39.25	118.5	2.0613	6.68229
39	118.5	2.85797	9.6856
38.75	118.5	3.91464	9.27228
38.5	118.5	4.57464	7.98229
38.25	118.5	3.38464	6.87562
38	118.5	1.52797	5.51895
37.75	118.5	1.53464	4.51562
37.5	118.5	2.43464	3.69895
37.25	118.5	3.0613	3.46562
40.25	118.75	0.631301	-1.72772
40	118.75	-0.0753662	-1.16105
39.75	118.75	0.721302	-0.0810491
39.5	118.75	1.81797	3.00562
39.25	118.75	2.52797	6.96895
39	118.75	3.3413	9.81893
38.75	118.75	3.7613	9.94893
38.5	118.75	3.7713	9.21895
38.25	118.75	2.83464	8.21895
38	118.75	1.56464	6.53895
37.75	118.75	1.6213	5.60895
37.5	118.75	2.1513	4.85229
37.25	118.75	2.3513	4.28562
40.25	119	0.777968	-1.07772
40	119	0.064634	-1.38772
39.75	119	1.16464	-0.0977158
39.5	119	2.50464	3.36895
39.25	119	3.45797	7.01562
39	119	4.28797	9.44562
38.75	119	4.35797	10.0056
38.5	119	3.9513	9.87227
38.25	119	3.2713	9.29228
38	119	2.59464	8.33895
37.75	119	2.3413	7.60562
37.5	119	2.4813	7.59229
37.25	119	1.9713	6.64228
40.25	119.25	1.79464	-0.924381
40	119.25	1.1313	-1.77438
39.75	119.25	2.3513	-0.101049
39.5	119.25	3.72464	3.91562
39.25	119.25	4.60464	7.33562
39	119.25	5.06797	8.73229
38.75	119.25	5.09464	9.44562
38.5	119.25	4.60797	9.75893
38.25	119.25	3.99464	9.6456
38	119.25	3.52797	9.49562
37.75	119.25	3.2113	9.6756
37.5	119.25	2.7013	9.8456
37.25	119.25	1.6513	8.99228
40.25	119.5	3.38797	-0.961048
40	119.5	2.58464	-1.58772
39.75	119.5	4.22797	0.328951
39.5	119.5	5.1913	4.64229
39.25	119.5	5.20797	7.13895
39	119.5	5.44464	7.92895
38.75	119.5	5.5513	8.61228
38.5	119.5	5.12464	9.19895
38.25	119.5	4.48797	9.34895
38	119.5	4.06797	9.48562
37.75	119.5	3.66797	10.0556
37.5	119.5	2.7613	10.7423
37.25	119.5	1.17797	10.0956
40.25	119.75	4.0613	-0.561049
40	119.75	3.8813	-0.717716
39.75	119.75	5.94464	1.08228
39.5	119.75	6.11464	4.62228
39.25	119.75	5.56797	6.73562
39	119.75	5.49464	7.20229
38.75	119.75	5.54464	7.78228
38.5	119.75	5.23797	8.53895
38.25	119.75	4.6813	8.76229
38	119.75	4.3513	8.73562
37.75	119.75	3.89464	9.24562
37.5	119.75	2.62797	10.0689
37.25	119.75	0.757968	9.32227
40.25	120	4.6213	-0.154382
40	120	6.4913	0.388951
39.75	120	7.32464	1.36562
39.5	120	6.75797	4.16895
39.25	120	5.88464	6.19562
39	120	5.46464	6.62895
38.75	120	5.34464	7.16895
38.5	120	5.0013	7.95562
38.25	120	4.61464	8.17228
38	120	4.3613	7.91562
37.75	120	3.6313	8.02895
37.5	120	2.05464	8.34895
37.25	120	0.387967	6.64562
40.25	120.25	5.8213	-0.184382
40	120.25	8.59464	1.13562
39.75	120.25	8.48797	1.29895
39.5	120.25	7.3813	3.36228
39.25	120.25	6.3813	5.46228
39	120.25	5.6813	6.16562
38.75	120.25	5.10464	6.67895
38.5	120.25	4.59464	7.41895
38.25	120.25	4.33797	7.64228
38	120.25	3.99797	7.33895
37.75	120.25	2.74464	7.04895
37.5	120.25	0.967969	6.19895
37.25	120.25	0.421301	5.07229
40.25	120.5	7.21797	-1.07438
40	120.5	10.2946	1.17228
39.75	120.5	9.53465	1.13228
39.5	120.5	8.1713	2.34895
39.25	120.5	7.1013	4.47228
39	120.5	6.1413	5.61895
38.75	120.5	5.11797	6.25228
38.5	120.5	4.27464	6.87228
38.25	120.5	3.86797	7.00229
38	120.5	3.4113	6.72895
37.75	120.5	1.98797	6.13228
37.5	120.5	0.757968	4.80228
37.25	120.5	0.567968	4.07228
40.25	120.75	8.3013	-2.66105
40	120.75	11.3646	0.538951
39.75	120.75	10.388	0.885618
39.5	120.75	8.9013	1.40562
39.25	120.75	7.88797	3.42228
39	120.75	6.7913	4.97895
38.75	120.75	5.4313	5.79228
38.5	120.75	4.2113	6.31229
38.25	120.75	3.4413	6.30895
38	120.75	2.93797	6.01228
37.75	120.75	1.7713	4.82228
37.5	120.75	1.3213	4.33228
37.25	120.75	0.874636	3.36562
40.25	121	8.47797	-4.66771
40	121	11.8213	-0.834382
39.75	121	10.878	0.618951
39.5	121	9.42465	0.852284
39.25	121	8.57464	2.47562
39	121	7.30797	4.21895
38.75	121	5.89464	5.18895
38.5	121	4.59797	5.70895
38.25	121	3.48797	5.66895
38	121	2.84464	5.39562
37.75	121	2.17464	4.87562
37.5	121	1.65464	3.89895
37.25	121	1.2513	3.00228
40.25	121.25	7.54464	-6.47772
40	121.25	11.368	-2.36772
39.75	121.25	10.7647	0.348951
39.5	121.25	9.54465	0.598951
39.25	121.25	8.87464	1.63562
39	121.25	7.41797	3.21895
38.75	121.25	6.10464	4.25228
38.5	121.25	5.31464	4.94228
38.25	121.25	4.0113	4.95562
38	121.25	3.0813	4.84228
37.75	121.25	2.3713	4.79228
37.5	121.25	1.5013	3.67895
37.25	121.25	1.27464	2.66895
40.25	121.5	6.44797	-7.62105
40	121.5	9.84465	-3.44772
39.75	121.5	9.28465	0.252284
39.5	121.5	8.3313	0.692284
39.25	121.5	8.65797	1.04228
39	121.5	6.74797	2.17895
38.75	121.5	6.47464	3.55228
38.5	121.5	6.13464	3.99229
38.25	121.5	4.83797	4.00228
38	121.5	3.67797	4.08895
37.75	121.5	2.65464	4.44895
37.5	121.5	1.5113	4.05562
37.25	121.5	1.11797	2.40562
40.25	121.75	5.43464	-7.65438
40	121.75	8.0313	-3.63772
39.75	121.75	7.64797	0.398951
39.5	121.75	7.36797	1.08895
39.25	121.75	7.24797	0.978951
39	121.75	6.5213	1.94562
38.75	121.75	6.87464	2.90228
38.5	121.75	6.80464	2.84228
38.25	121.75	5.62797	2.78562
38	121.75	4.44797	3.01895
37.75	121.75	3.27797	3.70228
37.5	121.75	1.82797	3.66229
37.25	121.75	1.10797	1.86228
40.25	122	4.6213	-6.43771
40	122	6.3913	-2.89771
39.75	122	6.70464	0.602284
39.5	122	6.8513	1.49895
39.25	122	6.98464	1.30562
39	122	7.25464	1.72562
38.75	122	7.65797	1.91562
38.5	122	7.32464	1.52895
38.25	122	6.18797	1.45562
38	122	5.11464	1.74228
37.75	122	4.0113	2.54895
37.5	122	2.40797	2.78562
37.25	122	1.41464	1.45228
40.25	122.25	3.91464	-4.34772
40	122.25	5.4013	-2.12438
39.75	122.25	5.9313	0.708951
39.5	122.25	6.9313	1.72895
39.25	122.25	8.5713	1.29562
39	122.25	8.76797	1.02229
38.75	122.25	8.45797	0.688951
38.5	122.25	7.68464	0.312284
38.25	122.25	6.51797	0.302284
38	122.25	5.50464	0.528951
37.75	122.25	4.60464	1.23895
37.5	122.25	3.31464	1.84562
37.25	122.25	2.00797	1.03228
