40.25	117.25	0.148711	2.29854
40	117.25	1.15871	2.87187
39.75	117.25	2.61538	3.76187
39.5	117.25	3.84538	4.56521
39.25	117.25	4.07538	4.79521
39	117.25	3.93871	5.03521
38.75	117.25	3.53204	5.33187
38.5	117.25	2.92204	5.58521
38.25	117.25	2.17538	5.53521
38	117.25	1.58871	5.21188
37.75	117.25	1.16204	4.80521
37.5	117.25	0.832043	4.45187
37.25	117.25	0.525377	4.27854
40.25	117.5	0.952042	2.22854
40	117.5	1.85204	2.66854
39.75	117.5	3.07538	3.45521
39.5	117.5	4.03871	4.20854
39.25	117.5	4.17538	4.49187
39	117.5	4.08871	4.88521
38.75	117.5	3.73204	5.31521
38.5	117.5	3.08871	5.59521
38.25	117.5	2.18204	5.40854
38	117.5	1.45204	4.95521
37.75	117.5	0.942042	4.47521
37.5	117.5	0.582044	4.07854
37.25	117.5	0.322044	3.90521
40.25	117.75	1.59871	2.13521
40	117.75	2.33538	2.43187
39.75	117.75	3.31538	3.09521
39.5	117.75	4.08871	3.85854
39.25	117.75	4.36871	4.42187
39	117.75	4.44538	5.08854
38.75	117.75	4.13204	5.62854
38.5	117.75	3.38871	5.80521
38.25	117.75	2.29871	5.42521
38	117.75	1.38871	4.80521
37.75	117.75	0.742044	4.22854
37.5	117.75	0.345377	3.81521
37.25	117.75	0.148711	3.68854
40.25	118	2.04204	2.10854
40	118	2.59204	2.24854
39.75	118	3.36538	2.77521
39.5	118	4.05538	3.53854
39.25	118	4.45204	4.28854
39	118	4.65871	5.11854
38.75	118	4.42204	5.71854
38.5	118	3.65871	5.88854
38.25	118	2.50871	5.57187
38	118	1.39538	4.76854
37.75	118	0.632044	4.11187
37.5	118	0.205377	3.71521
37.25	118	0.062044	3.64521
40.25	118.25	2.36204	2.16521
40	118.25	2.71538	2.13187
39.75	118.25	3.36871	2.53187
39.5	118.25	4.02538	3.26854
39.25	118.25	4.44871	4.08521
39	118.25	4.72871	4.98187
38.75	118.25	4.55871	5.62187
38.5	118.25	3.83871	5.83187
38.25	118.25	2.69204	5.63187
38	118.25	1.47871	4.77187
37.75	118.25	0.668711	4.14521
37.5	118.25	0.238711	3.82521
37.25	118.25	0.115377	3.79854
40.25	118.5	2.71538	2.29187
40	118.5	2.87538	2.06854
39.75	118.5	3.46204	2.34521
39.5	118.5	4.06871	3.03521
39.25	118.5	4.44204	3.85521
39	118.5	4.72538	4.76854
38.75	118.5	4.59204	5.44187
38.5	118.5	3.92204	5.70187
38.25	118.5	2.83204	5.58854
38	118.5	1.64871	4.82187
37.75	118.5	0.872043	4.35187
37.5	118.5	0.452044	4.15521
37.25	118.5	0.298711	4.15187
40.25	118.75	3.35204	2.44521
40	118.75	3.30538	2.04521
39.75	118.75	3.77204	2.18854
39.5	118.75	4.27538	2.83187
39.25	118.75	4.56204	3.68521
39	118.75	4.78538	4.63187
38.75	118.75	4.62538	5.32187
38.5	118.75	3.97538	5.61187
38.25	118.75	2.98538	5.59854
38	118.75	1.91871	5.01521
37.75	118.75	1.20204	4.74521
37.5	118.75	0.768711	4.68854
37.25	118.75	0.535377	4.67187
40.25	119	4.07871	2.61187
40	119	4.00538	2.14521
39.75	119	4.41204	2.20187
39.5	119	4.72204	2.78521
39.25	119	4.91538	3.70187
39	119	4.96538	4.61188
38.75	119	4.68871	5.26854
38.5	119	4.07204	5.61187
38.25	119	3.25204	5.76188
38	119	2.37538	5.52187
37.75	119	1.69204	5.45521
37.5	119	1.16538	5.42521
37.25	119	0.738711	5.23187
40.25	119.25	4.73204	2.77521
40	119.25	4.80871	2.36854
39.75	119.25	5.28538	2.43521
39.5	119.25	5.38871	2.92854
39.25	119.25	5.37204	3.82854
39	119.25	5.18538	4.65187
38.75	119.25	4.79204	5.26854
38.5	119.25	4.22871	5.66521
38.25	119.25	3.58871	5.96854
38	119.25	2.88538	6.04854
37.75	119.25	2.20204	6.11854
37.5	119.25	1.52871	6.02854
37.25	119.25	0.872044	5.59854
40.25	119.5	5.28204	2.96854
40	119.5	5.64871	2.73187
39.75	119.5	6.28538	2.86854
39.5	119.5	6.19871	3.25187
39.25	119.5	5.85538	4.01521
39	119.5	5.42204	4.72854
38.75	119.5	4.94538	5.30188
38.5	119.5	4.45871	5.74521
38.25	119.5	3.97538	6.14187
38	119.5	3.37871	6.41521
37.75	119.5	2.66204	6.53187
37.5	119.5	1.82204	6.31854
37.25	119.5	0.925377	5.63521
40.25	119.75	5.76538	3.22854
40	119.75	6.41538	3.19521
39.75	119.75	7.18204	3.43187
39.5	119.75	6.95538	3.68521
39.25	119.75	6.29204	4.24187
39	119.75	5.66204	4.82188
38.75	119.75	5.14204	5.35854
38.5	119.75	4.73538	5.82187
38.25	119.75	4.37204	6.23521
38	119.75	3.81871	6.54187
37.75	119.75	3.03204	6.59854
37.5	119.75	2.01538	6.19187
37.25	119.75	0.902043	5.24854
40.25	120	6.25204	3.61187
40	120	6.97204	3.71521
39.75	120	7.65538	3.95854
39.5	120	7.36204	4.07521
39.25	120	6.63204	4.50188
39	120	5.89538	4.94854
38.75	120	5.36538	5.41187
38.5	120	5.05538	5.85521
38.25	120	4.75538	6.20854
38	120	4.19871	6.42187
37.75	120	3.30204	6.32854
37.5	120	2.10204	5.61521
37.25	120	0.79871	4.38187
40.25	120.25	6.75538	4.25521
40	120.25	7.47204	4.39521
39.75	120.25	7.94538	4.49854
39.5	120.25	7.55871	4.49854
39.25	120.25	6.74538	4.76187
39	120.25	6.08871	5.09187
38.75	120.25	5.62871	5.42521
38.5	120.25	5.31871	5.72521
38.25	120.25	5.01204	5.97188
38	120.25	4.41204	6.03521
37.75	120.25	3.31538	5.59521
37.5	120.25	2.01204	4.77521
37.25	120.25	0.772044	3.73854
40.25	120.5	7.34204	4.94521
40	120.5	8.00871	5.01854
39.75	120.5	8.18871	4.96521
39.5	120.5	7.68538	4.88854
39.25	120.5	6.79538	5.00521
39	120.5	6.17538	5.19521
38.75	120.5	5.77871	5.38521
38.5	120.5	5.48204	5.52854
38.25	120.5	5.11204	5.62521
38	120.5	4.46538	5.55521
37.75	120.5	3.26538	4.95521
37.5	120.5	1.95871	4.12521
37.25	120.5	0.81871	3.24187
40.25	120.75	7.82871	5.64521
40	120.75	8.38204	5.58187
39.75	120.75	8.23204	5.35521
39.5	120.75	7.59204	5.18188
39.25	120.75	6.69538	5.16521
39	120.75	6.11204	5.19521
38.75	120.75	5.77204	5.24521
38.5	120.75	5.51871	5.26187
38.25	120.75	5.12871	5.23521
38	120.75	4.40871	5.07854
37.75	120.75	3.18204	4.44187
37.5	120.75	1.92204	3.65521
37.25	120.75	0.898709	2.87854
40.25	121	8.04871	6.32521
40	121	8.42204	6.08187
39.75	121	7.97871	5.65187
39.5	121	7.23204	5.32854
39.25	121	6.41538	5.17854
39	121	5.87871	5.03521
38.75	121	5.59538	4.94854
38.5	121	5.42204	4.91854
38.25	121	5.10204	4.84187
38	121	4.29204	4.65187
37.75	121	3.07538	4.07854
37.5	121	1.88538	3.35854
37.25	121	0.952042	2.62521
40.25	121.25	7.84871	6.98521
40	121.25	8.00538	6.50187
39.75	121.25	7.38871	5.82854
39.5	121.25	6.63871	5.24521
39.25	121.25	5.98204	4.99521
39	121.25	5.47204	4.65854
38.75	121.25	5.25871	4.48854
38.5	121.25	5.24204	4.51521
38.25	121.25	5.02204	4.45521
38	121.25	4.12538	4.28187
37.75	121.25	2.94204	3.84187
37.5	121.25	1.82538	3.20187
37.25	121.25	0.945375	2.43854
40.25	121.5	6.86538	7.64854
40	121.5	6.88871	6.78521
39.75	121.5	6.48204	5.73521
39.5	121.5	5.92204	4.82854
39.25	121.5	5.43871	4.54187
39	121.5	5.00538	4.10854
38.75	121.5	4.91871	3.97187
38.5	121.5	5.05871	4.13854
38.25	121.5	4.84538	4.08854
38	121.5	3.91204	3.95521
37.75	121.5	2.78204	3.66521
37.5	121.5	1.68871	3.07187
37.25	121.5	0.792044	2.24521
40.25	121.75	5.75204	7.88854
40	121.75	5.74871	6.68854
39.75	121.75	5.58871	5.38854
39.5	121.75	5.21538	4.40854
39.25	121.75	4.84538	4.06854
39	121.75	4.78204	3.86521
38.75	121.75	4.87871	3.83854
38.5	121.75	4.92204	3.89187
38.25	121.75	4.62538	3.78521
38	121.75	3.67538	3.66854
37.75	121.75	2.55538	3.40521
37.5	121.75	1.48204	2.81854
37.25	121.75	0.585377	1.98521
40.25	122	4.72871	7.56188
40	122	4.71538	6.21854
39.75	122	4.74538	4.91521
39.5	122	4.61538	4.08187
39.25	122	4.49871	3.87521
39	122	4.74204	3.86521
38.75	122	4.92204	3.84854
38.5	122	4.81204	3.73521
38.25	122	4.38871	3.52854
38	122	3.43204	3.39854
37.75	122	2.34204	3.10521
37.5	122	1.29204	2.52521
37.25	122	0.425377	1.74521
40.25	122.25	3.79871	6.76854
40	122.25	3.80538	5.48854
39.75	122.25	4.00871	4.41854
39.5	122.25	4.19204	3.87187
39.25	122.25	4.44871	3.92521
39	122.25	4.79204	3.94854
38.75	122.25	4.91871	3.84854
38.5	122.25	4.68538	3.61521
38.25	122.25	4.13871	3.31521
38	122.25	3.20871	3.14521
37.75	122.25	2.17204	2.81187
37.5	122.25	1.18204	2.25521
37.25	122.25	0.345377	1.56187
