40.25	117.25	0.667582	2.52524
40	117.25	1.71758	2.92524
39.75	117.25	3.03758	3.61524
39.5	117.25	3.91758	4.27857
39.25	117.25	3.76425	4.39191
39	117.25	3.25758	4.39857
38.75	117.25	2.53091	4.36857
38.5	117.25	1.70758	4.26191
38.25	117.25	0.934248	3.91857
38	117.25	0.407582	3.31857
37.75	117.25	0.0475823	2.67857
37.5	117.25	-0.192418	2.14524
37.25	117.25	-0.375751	1.83524
40.25	117.5	1.67758	2.51191
40	117.5	2.55425	2.75191
39.75	117.5	3.51425	3.29524
39.5	117.5	4.00758	3.88857
39.25	117.5	3.70091	4.06191
39	117.5	3.23425	4.21857
38.75	117.5	2.59091	4.32524
38.5	117.5	1.81758	4.25524
38.25	117.5	0.984248	3.81857
38	117.5	0.350916	3.14524
37.75	117.5	-0.0990844	2.49857
37.5	117.5	-0.399084	1.97524
37.25	117.5	-0.579084	1.70191
40.25	117.75	2.49758	2.54191
40	117.75	3.16758	2.62857
39.75	117.75	3.79091	3.00857
39.5	117.75	3.99425	3.57191
39.25	117.75	3.76091	4.01857
39	117.75	3.42425	4.45524
38.75	117.75	2.86758	4.68524
38.5	117.75	2.07758	4.55191
38.25	117.75	1.15091	3.98524
38	117.75	0.360916	3.22524
37.75	117.75	-0.225751	2.54857
37.5	117.75	-0.602418	2.05524
37.25	117.75	-0.799084	1.83524
40.25	118	3.08091	2.66857
40	118	3.54091	2.58524
39.75	118	3.89425	2.81191
39.5	118	3.94425	3.36524
39.25	118	3.78091	4.00524
39	118	3.58758	4.66191
38.75	118	3.14091	4.99857
38.5	118	2.36091	4.88191
38.25	118	1.35091	4.37524
38	118	0.394249	3.50524
37.75	118	-0.312418	2.79524
37.5	118	-0.759084	2.32524
37.25	118	-0.965753	2.12857
40.25	118.25	3.51758	2.89524
40	118.25	3.75091	2.62524
39.75	118.25	3.93425	2.71857
39.5	118.25	3.92425	3.27857
39.25	118.25	3.81425	4.04524
39	118.25	3.73091	4.83857
38.75	118.25	3.37091	5.27524
38.5	118.25	2.61425	5.22191
38.25	118.25	1.54758	4.80191
38	118.25	0.464249	3.87191
37.75	118.25	-0.319084	3.18524
37.5	118.25	-0.825751	2.74524
37.25	118.25	-1.06909	2.54857
40.25	118.5	3.93091	3.17191
40	118.5	3.92758	2.70524
39.75	118.5	4.02758	2.71191
39.5	118.5	3.99425	3.29191
39.25	118.5	3.90425	4.13524
39	118.5	3.87758	5.02524
38.75	118.5	3.56425	5.54524
38.5	118.5	2.82425	5.54857
38.25	118.5	1.72425	5.19191
38	118.5	0.600916	4.27191
37.75	118.5	-0.232418	3.64857
37.5	118.5	-0.805751	3.25857
37.25	118.5	-1.13575	3.02191
40.25	118.75	4.48425	3.38191
40	118.75	4.25091	2.77191
39.75	118.75	4.28091	2.73524
39.5	118.75	4.21425	3.35524
39.25	118.75	4.13091	4.30524
39	118.75	4.10425	5.27524
38.75	118.75	3.78091	5.83524
38.5	118.75	3.01425	5.85857
38.25	118.75	1.93425	5.53524
38	118.75	0.800916	4.67524
37.75	118.75	-0.0824178	4.12524
37.5	118.75	-0.752418	3.77191
37.25	118.75	-1.20909	3.46191
40.25	119	5.03091	3.52191
40	119	4.74091	2.92191
39.75	119	4.78091	2.95191
39.5	119	4.63758	3.59191
39.25	119	4.58091	4.67857
39	119	4.44425	5.59191
38.75	119	3.99758	6.05524
38.5	119	3.18758	6.03857
38.25	119	2.15758	5.76857
38	119	1.04091	5.11857
37.75	119	0.0775822	4.63524
37.5	119	-0.739084	4.20857
37.25	119	-1.36242	3.69524
40.25	119.25	5.50758	3.67191
40	119.25	5.33425	3.24191
39.75	119.25	5.49091	3.40857
39.5	119.25	5.25758	4.05857
39.25	119.25	5.10091	5.13191
39	119.25	4.77091	5.87524
38.75	119.25	4.17091	6.18191
38.5	119.25	3.31758	6.09524
38.25	119.25	2.32758	5.84857
38	119.25	1.23091	5.40857
37.75	119.25	0.180916	4.96524
37.5	119.25	-0.785751	4.42524
37.25	119.25	-1.57575	3.68524
40.25	119.5	5.92091	3.88191
40	119.5	5.99091	3.74191
39.75	119.5	6.30425	4.10857
39.5	119.5	5.99425	4.71524
39.25	119.5	5.59091	5.57857
39	119.5	5.01425	6.07191
38.75	119.5	4.27091	6.19191
38.5	119.5	3.38425	6.02191
38.25	119.5	2.41758	5.75857
38	119.5	1.32425	5.43524
37.75	119.5	0.187582	5.00857
37.5	119.5	-0.899084	4.34857
37.25	119.5	-1.79575	3.41857
40.25	119.75	6.31425	4.21191
40	119.75	6.61425	4.37857
39.75	119.75	7.03758	4.92857
39.5	119.75	6.65425	5.44857
39.25	119.75	5.93425	5.96191
39	119.75	5.12091	6.16857
38.75	119.75	4.26425	6.09857
38.5	119.75	3.35425	5.83191
38.25	119.75	2.38425	5.51191
38	119.75	1.28091	5.20857
37.75	119.75	0.0842489	4.75191
37.5	119.75	-1.05242	3.98191
37.25	119.75	-1.96575	2.91857
40.25	120	6.76758	4.74191
40	120	7.05091	5.09191
39.75	120	7.36758	5.67524
39.5	120	6.94425	6.04524
39.25	120	6.03425	6.24524
39	120	5.05758	6.16857
38.75	120	4.11425	5.90857
38.5	120	3.19425	5.54857
38.25	120	2.19425	5.16524
38	120	1.08425	4.82191
37.75	120	-0.125751	4.30191
37.5	120	-1.19575	3.40524
37.25	120	-1.98909	2.22524
40.25	120.25	7.15091	5.57191
40	120.25	7.35091	5.96857
39.75	120.25	7.42091	6.36857
39.5	120.25	6.80758	6.50191
39.25	120.25	5.75425	6.39857
39	120.25	4.72758	6.11524
38.75	120.25	3.77091	5.70524
38.5	120.25	2.83425	5.25191
38.25	120.25	1.83091	4.86524
38	120.25	0.787582	4.52191
37.75	120.25	-0.295751	3.85857
37.5	120.25	-1.24909	2.96191
37.25	120.25	-1.99242	1.96524
40.25	120.5	7.41425	6.48857
40	120.5	7.54425	6.80191
39.75	120.5	7.31091	6.95857
39.5	120.5	6.45091	6.83524
39.25	120.5	5.32091	6.48191
39	120.5	4.29425	6.03191
38.75	120.5	3.35091	5.52524
38.5	120.5	2.45091	5.04524
38.25	120.5	1.48758	4.68191
38	120.5	0.534249	4.32191
37.75	120.5	-0.392418	3.59857
37.5	120.5	-1.21909	2.74524
37.25	120.5	-1.91909	1.94857
40.25	120.75	7.39758	7.42191
40	120.75	7.43091	7.55191
39.75	120.75	6.89758	7.39857
39.5	120.75	5.83758	6.99524
39.25	120.75	4.73758	6.45524
39	120.75	3.76425	5.87191
38.75	120.75	2.90758	5.34524
38.5	120.75	2.09758	4.92857
38.25	120.75	1.20091	4.61857
38	120.75	0.340916	4.26191
37.75	120.75	-0.439084	3.52857
37.5	120.75	-1.14242	2.74524
37.25	120.75	-1.80575	2.12857
40.25	121	6.96091	8.31857
40	121	6.87091	8.15857
39.75	121	6.10425	7.63857
39.5	121	4.99758	6.93191
39.25	121	4.04425	6.26524
39	121	3.20091	5.59524
38.75	121	2.48091	5.12524
38.5	121	1.80758	4.87857
38.25	121	1.01091	4.66857
38	121	0.217582	4.33857
37.75	121	-0.455751	3.63524
37.5	121	-1.05909	2.92191
37.25	121	-1.66909	2.43857
40.25	121.25	6.00425	9.10857
40	121.25	5.76758	8.56524
39.75	121.25	4.93091	7.62191
39.5	121.25	4.02425	6.60191
39.25	121.25	3.33425	5.92191
39	121.25	2.67758	5.20191
38.75	121.25	2.12425	4.85524
38.5	121.25	1.61758	4.88524
38.25	121.25	0.920916	4.81857
38	121.25	0.157582	4.51524
37.75	121.25	-0.462418	3.87857
37.5	121.25	-0.992419	3.21524
37.25	121.25	-1.55575	2.81191
40.25	121.5	4.26758	9.62857
40	121.5	3.97758	8.55191
39.75	121.5	3.53091	7.17524
39.5	121.5	3.12425	5.92857
39.25	121.5	2.78425	5.42524
39	121.5	2.34758	4.80857
38.75	121.5	1.95758	4.67524
38.5	121.5	1.57091	5.00191
38.25	121.5	0.914249	5.03191
38	121.5	0.150916	4.73524
37.75	121.5	-0.472418	4.15857
37.5	121.5	-0.969085	3.51524
37.25	121.5	-1.47575	3.11191
40.25	121.75	2.80758	9.4719
40	121.75	2.54091	8.03857
39.75	121.75	2.43758	6.47524
39.5	121.75	2.40758	5.27857
39.25	121.75	2.31758	4.94524
39	121.75	2.20091	4.79191
38.75	121.75	1.98425	4.94191
38.5	121.75	1.57425	5.24857
38.25	121.75	0.910916	5.27191
38	121.75	0.150916	4.93524
37.75	121.75	-0.465751	4.35857
37.5	121.75	-0.929084	3.71524
37.25	121.75	-1.37909	3.32857
40.25	122	1.87425	8.67857
40	122	1.61758	7.09857
39.75	122	1.72091	5.63191
39.5	122	1.95425	4.76857
39.25	122	2.10758	4.77524
39	122	2.20425	5.03524
38.75	122	2.03425	5.34524
38.5	122	1.55425	5.54191
38.25	122	0.874249	5.47857
38	122	0.137582	5.09857
37.75	122	-0.449084	4.51524
37.5	122	-0.882418	3.89857
37.25	122	-1.29242	3.52857
40.25	122.25	1.41091	7.45524
40	122.25	1.17091	5.94857
39.75	122.25	1.38091	4.79857
39.5	122.25	1.80425	4.44191
39.25	122.25	2.16758	4.88191
39	122.25	2.26758	5.36191
38.75	122.25	2.01425	5.70191
38.5	122.25	1.46425	5.80191
38.25	122.25	0.794249	5.63524
38	122.25	0.117582	5.21857
37.75	122.25	-0.422418	4.66191
37.5	122.25	-0.829084	4.09524
37.25	122.25	-1.21909	3.75524
